"response_id","weight_daily_national_13plus","weight_state_weekly","weight_state_monthly"
"13293478525",0.778260920099875,0.588762472229936,0.352559608582731
"13293986107",0.581929809943985,0.27723383891319,0.207360395524454
"13295774185",1.91802142164798,1.16804272667895,2.01582130494908
"13296487289",0.249299470291316,1.16879304372795,1.10043949652082
"13296572886",1.04893191429965,1.44598717676567,1.53037906310763
"13296578083",1.55753034226165,0.830951407256451,1.35595875002023
"13296578274",0.17602132190554,0.61788802342257,0.624590805787755
"13296579469",0.161570742655294,1.30581091236986,1.36825406262984
"13296581426",5.13225767335899,NA,NA
"13296582531",1.95178935713847,NA,NA
"13296583924",0.472361921902659,0.382599714893021,0.251160713863338
"13296585163",1.65452288955747,3.47133765120525,3.13246654007401
"13296585545",1.17585281881833,1.4257348172729,1.42602288344589
"13296586806",0.922971506814944,0.722472610153507,1.35953306718939
"13296588502",0.55617632118252,0.496363768716698,0.331072957946031
"13296591175",0.531601973762645,0.643995321680417,0.295088749456521
"13296592788",1.70898295843105,0.937072934006872,0.844869001397437
"13296593129",0.501609109237829,1.19427316446184,0.891247823403766
"13296598497",0.383426854926521,0.476378695107261,0.497081471885074
"13296600242",0.83949888195562,0.378892512408326,0.5348645961482
"13296600501",1.0912980940325,1.54876123703573,1.17586534848423
"13296601337",0.761453377356124,1.81394694842399,1.42486235967445
"13296601762",0.608252849096976,1.02834332689261,1.23306987483297
"13296603965",0.560825758306401,0.492429440226467,0.692573210451493
"13296607796",0.380133487351328,0.561859039101104,0.410825234046753
"13296610328",2.14047266251121,2.39510348755029,2.11835171845594
"13296611717",2.01944538282718,0.726595464767656,0.706077724213212
"13296613918",0.649227815101009,0.456544838243942,0.207293396304469
"13296614741",1.70535394336626,0.988113650001027,0.91062174627158
"13296616711",0.465936033819902,0.789659646232472,1.00558477921664
"13296618002",3.2708847538348,0.0596588866724016,0.180445194292723
"13296620241",2.08939815798161,1.69585295114878,1.77766837981296
"13296621535",0.761453377356124,0.909481436383448,0.778186992567158
"13296621677",2.82587228379724,2.01446825298399,1.87517831522011
"13296623286",0.16296079994118,0.399805170434728,0.34604519902797
"13296623423",0.397676153514725,0.50894061835575,0.723609041284935
"13296625286",0.29621660685492,0.256665902469797,0.310043461562548
"13296632168",1.40053270935768,1.02013255328811,1.24484656479861
"13296633007",4.59871862797288,3.81471775746664,5.61918011170125
"13296633751",0.389108817630682,0.267213636045631,0.291052460451829
"13296635198",1.37893789891821,1.95970675221892,1.21058799075664
"13296636139",0.692335069436515,1.11906359580068,0.688051696669937
"13296639134",2.02836120849194,1.77236790087948,2.04265235925122
"13296639946",0.752172637400972,0.90922761857251,1.01237190957396
"13296643393",0.790914909673804,0.731293779964515,1.08704190682966
"13296645485",1.93274956762503,1.58231970638546,1.21955723909474
"13296646882",1.16692761386223,2.62653267589679,3.72892651855308
"13296658093",0.310212049292893,0.103549888926645,0.412363835494545
"13296658984",0.253547157843262,0.341763345540395,0.371641924537637
"13296662517",2.12317262109028,1.13234320019581,0.808879738230461
"13296664153",0.306349940656656,0.88738234125018,0.737855345057748
"13296669271",4.59871862797288,3.09751284506066,1.82926419186605
"13296669290",0.386105622557261,0.401956430224071,0.247956875265231
"13296671334",1.36755409908223,2.34242511104906,1.7418118500156
"13296675668",1.88473310309632,0.356701842525159,0.717931402785676
"13296677257",1.50314846712506,2.50252997055737,1.10645351243147
"13296684387",2.82780454664949,0.528928349870398,0.550273754443507
"13296687681",1.21443073000984,0.474946596558705,0.815439487082678
"13296688244",0.703922996987516,0.949025670650337,0.778321933267404
"13296689828",0.560825758306401,0.582110905428804,0.688277835601774
"13296698823",0.601242240233993,0.768582274879103,1.23626403464206
"13296708017",0.393166756331941,0.579530823443551,0.699543516102748
"13296711298",0.5621452348154,0.971262042801357,0.823727047844754
"13296712324",0.229790790425728,0.201803462395337,0.165834114785532
"13296713538",1.76073301686965,2.68440565655003,2.08464486356119
"13296713667",0.502208723940985,0.392826335117704,0.489288465092791
"13296714135",0.581606199281657,0.678531157854812,1.1759838414729
"13296715314",0.565774153793963,2.69551812871307,1.6644746982109
"13296722099",0.245160780474417,0.241407097578112,0.336149459456973
"13296723142",3.01988236015394,3.3495828147466,4.84852937088103
"13296727511",1.38312420927003,0.259308724935727,0.472868549188584
"13296743779",0.133933245429597,0.559262698934682,0.742433600820372
"13296747916",0.779329702455844,0.889833238133099,0.544635799918154
"13296757223",0.641244500815081,0.369332441739856,0.596433314979016
"13296762278",1.47563569036359,0.837611620336597,0.598730519272963
"13296778816",1.2446353925335,0.352425042570689,0.755184900369849
"13296779971",4.59871862797288,3.65115506934177,2.79443339033872
"13296780136",0.866605350114524,0.564985284684817,0.48943001224247
"13296782905",0.625186304840268,0.512604665944946,0.203303757138852
"13296783088",0.873933887940134,1.13910296533312,0.613830939706984
"13296785669",0.505737525507409,0.466839469787084,0.628538935643617
"13296786456",1.01985518681626,2.88299700233394,1.26636636334802
"13296794728",1.16760586615378,2.18870435778395,0.745015287835262
"13296798500",0.269896622179073,0.181282846712134,0.37040098372962
"13296803390",0.546360070661463,0.0955673010402704,0.173637274129732
"13296803919",0.990611851226774,0.681242382873094,1.22780080083827
"13296806878",0.199529134091224,0.206133200435452,0.401889163006664
"13296809064",2.64239463288148,2.90333841255863,1.7803103371213
"13296813816",3.18389156827161,2.34212709187477,1.31449229439517
"13296818981",1.65974642944313,2.16282743526991,2.02507591356338
"13296828479",0.921929389334154,0.268381418782739,0.525851312844644
"13296835351",1.06105806976347,0.548335543410029,1.27620327315672
"13296837196",0.268507304977625,1.09930461626746,1.31508806839604
"13296842558",3.2796607161726,2.28706121454462,1.81031216470992
"13296846073",0.422463052965002,0.554784029148152,1.06645088214219
"13296846147",1.82320340502031,1.18018709851205,1.32560946962749
"13296847470",0.356658708238227,0.156185029441986,0.352353713104087
"13296870837",1.14141097601859,3.99033213602527,1.09963665743912
"13296870990",1.83675998522304,0.887689777512856,0.565054751219238
"13296871694",2.51216121023132,3.65115506934177,3.1723496731988
"13296872161",0.328673279170556,0.937628785147493,0.708895091951764
"13296874121",0.557356181355575,1.45571830670622,0.858563218496482
"13296878804",0.15643536078726,0.227161696367658,0.362128999205524
"13296886427",0.42156769489927,0.800437452091928,0.656519339707713
"13296892188",0.630035309017654,0.806129693876255,1.30619849280959
"13296905574",0.663934269478554,0.797723876993318,0.81641451444393
"13296910058",1.30925791191805,1.58281673724157,4.52990609526492
"13296910227",1.13937157415285,1.27172256930189,0.833059933477868
"13296917496",0.280363949582958,0.488182625552481,0.649025413046725
"13296935596",1.70784503542796,1.12623978897765,0.86692444891077
"13296937541",0.43546312094991,0.806263894937874,2.43518495304993
"13296950022",2.13578998985203,1.20962497524383,1.49290973259014
"13296967263",1.14399983644917,0.457714372054985,0.598392589646553
"13296991439",2.39573848438743,0.568313862381407,1.01540692568809
"13297008822",0.6409047532399,0.606479411062668,0.756407413827772
"13297017914",1.88608835742005,2.19393302888418,2.33536480717329
"13297018325",0.423575925221504,0.586608201344702,0.567365008838091
"13297022746",0.59945933567189,1.88758192683018,1.15023416585018
"13297024443",0.566089545435156,1.08013467959385,0.980503305910616
"13297026380",0.673455691941755,0.425212629452429,0.572692970838657
"13297032857",1.43456580767803,2.32027408699157,1.36867809406402
"13297040612",0.369353983103287,0.321872525819491,0.285320755767083
"13297040671",0.190225243086235,0.262343736290343,0.371237163067781
"13297042185",2.36724603062839,1.88946405177367,4.50333640651078
"13297045537",0.901961785928943,0.891422444898481,1.22424231016458
"13297056901",1.26902520600804,2.64540002157583,1.79377344156676
"13297057024",0.498710160449504,1.01252329163041,1.25378327266815
"13297057241",0.799153915561743,1.08629270825816,0.655645173288815
"13297059717",0.583325596140702,1.17749984617653,0.882057235387755
"13297063439",0.285367020950865,0.642313588329018,0.418064025758202
"13297074555",0.415236403262607,0.624382323000522,0.770670545938362
"13297075552",1.68445156962796,0.306516914206632,0.576743766926055
"13297077157",2.83661316164035,2.37714618598302,2.01406776325577
"13297080785",0.799436408975062,0.654593425160769,0.797721560814871
"13297082416",1.0632912217345,0.596593973948773,0.548820587136496
"13297089273",0.47530869205857,0.674040042426824,0.729077269092723
"13297091638",0.780462050823435,1.68854015816394,1.14132027374778
"13297092959",2.66963708760206,2.8343243524267,1.84690463695353
"13297093879",0.702577553945044,0.505238031789642,0.636189929183254
"13297103543",1.62586742813363,1.18949518834135,0.740008746575098
"13297105520",1.52398173691149,1.40432501728703,1.12352828090348
"13297113563",1.37768752558738,0.678995645888326,0.580248665883987
"13297120450",1.29237968020272,1.1070728378397,1.44695046323451
"13297121117",1.88842098111203,1.09845998730865,1.28735194616415
"13297122763",1.03533898703025,3.66505560296281,1.9480791484818
"13297124486",3.47650372102834,2.06809591007857,1.81003857714937
"13297130366",1.21423984311497,0.586388514622637,0.687871450821435
"13297131596",1.91138577888619,3.62259863558392,4.10206900733296
"13297132076",2.15009584290004,2.14863141646594,1.32174103431087
"13297142320",0.373930113527262,0.0466571132138089,0.431429688618108
"13297144576",0.212286323638363,0.756324217215047,1.01213192408433
"13297145280",0.119534610016062,0.856892061572954,0.568087206051202
"13297150728",1.865245831726,1.39610104145841,1.27796727972354
"13297155450",0.529831606833073,0.53372043568991,0.715345848944344
"13297155754",1.07556384261026,0.463255678749741,1.10366855902727
"13297157203",0.544071333415451,1.826735622873,0.766564308738604
"13297159723",0.438268025666769,1.39989022124707,0.911994483726773
"13297163767",0.799335507677152,1.00350978828347,0.915399790143366
"13297166908",0.282370281482953,0.990719987448331,0.438402901616227
"13297168682",0.394492350334684,0.521607521402548,0.393448865633822
"13297169632",0.755944504779624,0.534591153206671,0.592059060297643
"13297170316",1.52747272067422,1.31508905447325,1.39116585548422
"13297174056",0.330971041747904,0.369147753369107,0.477704579786215
"13297176010",0.397433058020806,0.467264091523535,0.296036126854211
"13297176288",2.29183428157277,1.35500234115396,1.45401732911318
"13297181770",1.20063070675988,1.0750119188871,1.11730464578914
"13297185634",0.382404821821018,0.327789359547128,0.529430087890006
"13297189521",0.977387153140638,0.786533577678717,0.424482459609931
"13297190344",2.84895238401265,2.32745730370773,1.8676246966279
"13297194505",0.277012290217771,0.120872616638361,0.319875446213835
"13297194792",0.904716042903727,1.35679643435832,0.976142480820373
"13297195836",2.82515140229342,2.68465667306095,2.68492699281511
"13297196989",0.280363949582958,0.663218190965456,0.930943321215082
"13297197575",0.583754018437144,1.69076988562318,1.76750264560033
"13297198916",0.45733851928667,0.613517308116846,0.527891001974329
"13297201120",1.16783383997342,3.00194770692895,1.96442052379911
"13297205207",0.601236135673808,0.345526346841772,0.410217165002758
"13297205461",0.288438600920914,0.994112683436274,1.63538789685822
"13297205898",0.223375510869471,0.858362187279018,0.342151470925828
"13297207185",0.724949351738973,2.38942527754373,2.32904898173474
"13297208404",0.47136687655437,0.271695259363,0.496294640785997
"13297209767",2.29044709938127,3.65115506934177,3.32346494037462
"13297210306",1.76425427595001,NA,NA
"13297212059",0.987559087297348,1.63400121889587,1.12450367575621
"13297218868",0.20847789841777,0.730425774006574,0.297883517405149
"13297220307",0.276966147349628,0.218006831346254,0.267006631314844
"13297220364",2.00697763285462,1.53625210669755,1.2811484622558
"13297220484",0.401958104011174,0.248200844093827,0.379952925445745
"13297221330",0.205353829599408,0.555274335581252,0.621247332580343
"13297226606",0.695157080732335,0.611152295667303,0.19047221339448
"13297229103",0.729145897958621,0.625058353721287,1.01597117594275
"13297231718",1.22083138207714,1.47153129391058,1.14424812619151
"13297237921",0.164723874806776,0.343879510080463,0.477868067376679
"13297238593",2.39422878575754,1.01237136026067,0.750453356101597
"13297238755",1.35103586001217,0.96603320371956,1.23735858073457
"13297239896",0.197209040271788,0.546220624167766,0.677051728537846
"13297240172",0.906332822127624,1.10227717282547,1.02826747489143
"13297243747",1.84891256699481,3.42361901574689,1.72631372581153
"13297244324",0.46724464258629,0.618299077182765,0.623954419553842
"13297244487",0.213879377450418,0.685307799597175,0.339901335388313
"13297245083",0.185196299420998,0.743232315471407,0.735162969822394
"13297246936",1.37137058501751,1.85320105236767,1.61962568721196
"13297248550",0.29621660685492,0.408143836910044,0.381914855424122
"13297251128",0.545676910804276,0.340118661995513,0.370684459519368
"13297251240",0.378304402659344,0.33110814479255,0.181856572005144
"13297252808",7.27957232195067,NA,NA
"13297253158",2.92492948330601,1.2390049613847,2.02014287363232
"13297254197",1.04018572967992,1.72491681887232,0.78018801916531
"13297254770",0.507703844238112,0.127666680500441,0.73749682468892
"13297255900",0.428541654565429,0.71395154118499,0.650143879591685
"13297257701",0.466489200915982,0.457395366526358,0.400982461533424
"13297258863",1.95762388818819,1.80289216019168,2.01028086854278
"13297259944",1.41232639495482,1.64487150568766,0.953994628317404
"13297260710",1.34014961072376,1.81191535569767,1.58590131283133
"13297263350",0.198564848294441,0.226652175178676,0.309507587448521
"13297266820",0.843656466627463,0.464287259912439,0.872073610925057
"13297267675",0.624380660955586,0.461327297011269,0.572355564865409
"13297269069",0.785532629679814,1.27492538607095,1.33133017280943
"13297270132",0.126983695895608,0.204480510956453,0.232415563313814
"13297274085",0.375303111015994,0.529756368743163,0.39681699648725
"13297274880",2.26384841664079,0.432350029273258,2.44834587707577
"13297274925",0.994300964083689,1.74370018563939,0.768974649831564
"13297275326",0.346596389062923,0.0784331929305258,0.308137062116695
"13297275673",1.01106374140251,1.53015862095666,1.78393368088773
"13297278625",0.752320123103537,0.681377847142191,0.572848634757505
"13297279823",1.01842885068508,1.94872383598478,1.39844962376804
"13297279857",0.801940770449405,0.31946574628525,0.78259912446912
"13297279885",0.140895845027306,0.33911102408033,0.423954221012666
"13297279933",0.456740374676942,0.571196290682604,0.468972769679205
"13297281647",1.30264169695081,1.88646982699421,3.97399294158529
"13297286078",0.343199386068161,0.434408286777123,1.26086053577148
"13297286626",1.12319213679142,0.947141051416266,1.38260607462858
"13297287983",0.871706953519594,0.896122737125536,0.500369963274821
"13297290161",1.1320311777905,1.20712610553498,1.30372823345327
"13297290243",0.41072339390253,0.42812117669156,0.253057930805722
"13297301574",3.66269873315333,3.00517186382981,3.25104092613234
"13297305989",0.548573923458025,1.31646042639343,2.17169032045184
"13297306243",1.69948324678715,2.28133926984256,1.67034677811318
"13297315816",0.317326299210528,1.1820410877681,1.38731274853995
"13297316541",0.674470160078167,0.524730769036977,0.448168559833376
"13297317104",0.59945933567189,1.48110079603225,1.18413857943823
"13297323109",0.345142406893043,0.533040321644459,0.55279994131737
"13297323590",0.483347317011751,0.133384709892459,0.258022168336658
"13297325603",1.9497298280273,3.49478402189203,2.91761095580306
"13297326640",1.24160007196198,0.448693128804459,0.735729453042946
"13297328255",0.769299619588474,0.258807308691277,0.372817586412097
"13297329140",0.650141697114282,1.03227307607845,0.464801832618353
"13297329276",0.437150483106212,1.23258277418354,0.438250599572877
"13297330481",0.260798781542623,0.490943087456885,0.775842817167358
"13297334083",0.541247527692634,0.863381601271182,1.22180234882602
"13297337203",0.31384461416319,0.476186143769241,0.483997625666325
"13297338358",3.03918520970033,2.96941518440008,2.35079627282549
"13297339896",0.560825758306401,0.595308851745964,0.717144989119256
"13297342993",0.576084922584577,0.639559273942046,1.03563972962271
"13297345471",1.62586742813363,2.08924135943013,0.882015553813497
"13297348156",0.496622493935428,1.30109266983183,0.789818607135907
"13297351939",1.44582383066236,0.915442103817966,0.759695129216008
"13297352043",0.659789201243169,0.501274787979143,0.546366072959601
"13297353139",1.04814433320643,0.609782112839098,1.21246371604932
"13297353951",0.346379431440349,0.883949634383888,0.592354157558487
"13297355207",0.535531953434524,0.8024182918405,0.489677816047329
"13297357189",0.308563309184948,0.440068604540464,0.602796356007487
"13297357277",0.469735828284936,0.509441557759045,0.51362046113783
"13297360434",0.652044810864857,0.692016045196563,0.665759039251552
"13297360755",0.394269529380813,0.73982305830315,0.631997483202288
"13297362794",0.374417002437233,0.941343455390819,0.716012211782935
"13297366775",0.647072283516492,0.254457385850403,0.726023922366743
"13297368080",3.99228319103513,2.99938081411249,3.25552858309865
"13297369038",0.246413874622226,0.25599686480399,0.901746849397449
"13297372155",0.535168575838604,0.512816870299269,0.957499595691948
"13297373217",0.68526657800598,0.908687394461265,0.443824620656386
"13297374591",0.474236129929935,2.11576446300062,0.564474823689856
"13297379698",1.52398173691149,1.12660061392854,0.979062868545175
"13297379975",0.761249307288557,0.915066749956522,0.783380682272601
"13297380965",0.544334754478522,0.378838406012471,0.416963405856767
"13297383271",0.238013336969222,0.210201354585878,0.378619394243061
"13297383759",0.276461085128307,0.315226718117246,0.321027862743418
"13297386192",0.590749851368602,0.678350521573374,0.804902963386867
"13297389360",0.925263276610086,0.443104651014951,0.460668295909612
"13297391089",7.39656423876136,NA,NA
"13297392768",0.844611660102698,0.513366508830614,1.24575357564589
"13297392786",0.334758956083795,0.31063814531019,0.364096508776644
"13297393464",10.6114194931811,NA,NA
"13297393762",0.68526657800598,0.128357088325014,0.22927047360229
"13297393840",7.39656423876136,NA,NA
"13297394983",0.119534610016062,0.778568614291378,0.308266805602643
"13297395102",2.24703866090166,NA,NA
"13297395178",0.397536051326082,1.02521113080922,0.466073997913358
"13297396506",1.23930225850119,1.95658272180292,2.96043951681708
"13297398189",2.10779709042266,4.02441208236436,3.10459849075379
"13297399419",0.738202111585782,1.04938991839191,1.06429661759266
"13297404026",2.27757323210271,1.43342184920626,2.21241700778978
"13297405064",1.32075228915194,0.814581979659343,0.772707572716521
"13297405627",0.219845988723721,0.615273785133493,0.434585603821125
"13297407789",0.86103094813719,0.355111091235619,0.693528977261601
"13297408007",3.05447457290144,1.57916729634698,1.37682622256587
"13297408559",0.512826523958566,0.814477064328471,0.568293572482453
"13297410068",0.317525755152068,0.0969806776782143,0.221264516821698
"13297410752",0.397859368122111,0.16183669435253,0.37856903282871
"13297410978",5.07386941946142,NA,NA
"13297411631",0.291009071207608,1.24002236719498,0.430553967466003
"13297412099",1.07556384261026,0.40913701153747,1.15620515956052
"13297413701",0.987559087297348,0.594227565596118,0.868970814748869
"13297417451",0.190225243086235,0.224824854887325,0.282721531917081
"13297417839",1.43552318103843,0.730049577556598,0.715579064165151
"13297418731",0.99058921442741,0.741001910346936,0.606294560597999
"13297419220",0.424601308694107,0.433271174937828,0.32426828915788
"13297420448",0.350853460551732,0.573845813099821,0.25892256496229
"13297422253",0.503214778583576,0.701076585256553,0.8842738399741
"13297423434",0.327144157674037,0.237635793180421,0.470115586041651
"13297423616",2.85483570162451,1.9535633062495,2.97545226367185
"13297423852",0.725305268123716,0.5226870965965,0.832754924302647
"13297424135",1.09428540036848,1.27900307778566,0.712587550778808
"13297426784",3.34152953698112,NA,NA
"13297429620",0.38947158382661,0.489634932599354,0.563891025169804
"13297432333",1.97517499792438,1.71755327265593,0.669831442744675
"13297432432",1.49647382101291,1.69262187800497,1.0233165344336
"13297434561",1.34849775891739,1.73024234532467,1.42219877774592
"13297434891",0.957189424446255,0.551294197977607,1.00697181225741
"13297436111",1.91480163410248,0.979789618447828,1.105231861319
"13297438239",0.465357264149003,0.282153252343348,0.454097269318406
"13297438752",0.297024961593214,0.0561171953634326,0.140369618556352
"13297442602",1.74475224399428,1.23874782754016,1.45071121441244
"13297444679",0.874429424285233,1.55913143403898,0.832878609523217
"13297445312",0.987559087297348,0.366163958102453,0.836630720156577
"13297446700",0.409056916046362,0.333478151553172,0.468236457067788
"13297447191",0.624398257824142,0.965599768102126,0.582297951825422
"13297447306",0.189113064579233,0.489191312611999,0.890750563598948
"13297451158",0.150885537017248,1.11721098524543,0.604175168522121
"13297453461",0.35035929270945,0.932950069833654,0.821495954978084
"13297454443",0.32037808512365,0.391338047635424,0.503752527984589
"13297454926",0.281716194357719,0.586009936345875,0.736162849466003
"13297456254",0.246445006519772,0.397419156312604,0.364977112237814
"13297457681",0.246445006519772,0.376543940797859,0.488086691370802
"13297461047",0.322563394576903,0.26828887186567,0.289663393849785
"13297461123",0.585291776965415,0.836568164717275,0.721350190977369
"13297462249",3.7389436024946,4.88783291077871,3.19291854941757
"13297462286",0.354834616752428,0.51896106749599,0.630500016955261
"13297465687",1.0173928928192,0.492447065749031,0.439400199548813
"13297466804",0.46570742182688,0.607726969837176,0.795441092746993
"13297467029",0.224898756316282,0.231692047494435,0.41065986734153
"13297467346",0.119534610016062,0.0841085184259617,0.28267798837253
"13297469409",0.523227795241419,0.890343675539011,0.465859694322594
"13297469628",0.909541616392243,2.35559088108852,0.9738545941335
"13297471381",0.566089545435156,0.883856964914412,0.81703235133793
"13297472599",0.220640827332055,0.283929225365135,0.315971173523501
"13297473808",0.882267656020612,1.55305111962617,1.54147993377692
"13297479390",0.641462110630262,0.813365405644538,0.496814243740054
"13297480252",0.168164635913146,0.296700520972018,0.521936371914045
"13297480360",0.899771386517496,0.851042785030905,0.668808272867848
"13297483238",1.05300575299556,0.887222584602775,0.908879571418665
"13297483284",0.905331879541165,0.622521572824465,0.707108744268688
"13297484331",0.119534610016062,0.282039546462331,0.348782110438895
"13297484441",0.447399473427329,0.129922143580012,0.169390710508222
"13297484516",1.36790859292885,0.730636473817835,0.408538174287674
"13297484699",0.724316464384858,0.499419120724544,0.870105081825899
"13297484778",2.93838169051312,0.592255495597545,1.36670383677527
"13297485237",0.536656071454871,0.367803880800737,0.649225825003614
"13297485547",0.654753314975963,0.265593249730094,0.414660190594666
"13297486023",0.945030333743071,0.654042137928894,0.617863593092582
"13297487418",4.59871862797288,5.05289021529747,2.51119449979297
"13297489367",1.9376871055133,1.42293264279181,1.84683910331467
"13297491044",0.30643761085619,0.294830558340147,0.396552200593288
"13297491753",0.604691510806394,0.445829970812919,0.474858465025135
"13297496557",0.354834616752428,0.494274907417895,0.488833209085726
"13297497914",0.405923355175958,0.74456275503708,1.06327408786503
"13297499247",0.574425522252061,1.4791292273516,1.31121072342203
"13297499252",3.28771223643061,1.13429427444392,2.25970347898596
"13297499841",0.326628254514531,0.362547672502113,0.559388093273986
"13297502229",0.251779943434259,0.470895709965522,0.848783049621384
"13297503925",0.835870735964449,0.538023712689826,0.355503609273838
"13297504229",2.06978335157106,0.406262536027414,0.986215703680894
"13297504368",0.14953122509778,0.636522212152137,0.908383808229743
"13297506108",0.537478423757281,0.897446159864859,0.364807609451149
"13297509912",0.532857119028966,0.662290577908883,0.33978321841202
"13297510244",0.204045756152969,0.401016145132203,0.384716319506307
"13297511132",0.780158202423023,0.608138015710608,0.960062937557859
"13297511451",1.1390709626585,1.291206853643,1.11404164031655
"13297515721",0.464466087142524,0.467316400385248,0.655242752274876
"13297517393",0.551010969749128,0.638277365666549,0.308266254094419
"13297521632",1.64294773058562,0.28540178993081,0.62446567044444
"13297524034",0.637956212351436,0.581835352977073,0.644640517399095
"13297524417",0.612090446802264,0.80208403070399,0.739758777782937
"13297525668",0.739519180174337,0.967190387407577,0.577249816551179
"13297526430",2.42343615044071,0.999211548540997,1.16248473373952
"13297527100",1.84558464822589,2.8683848982728,2.56873749075735
"13297527139",0.436052028622305,0.596528226959242,0.354984925416119
"13297527518",1.3303214012822,0.947009688375841,1.70288754196457
"13297528065",0.377394471448024,0.546354056147236,0.490069568882465
"13297528937",1.4223416644526,1.30843597176271,0.8349969276671
"13297529069",0.725305268123716,0.424854838214139,0.488463088302601
"13297535969",0.207868394020147,0.455232608278187,0.466075580584258
"13297536663",0.22312208545235,0.242177630288066,0.222705491928567
"13297537995",0.369916069145623,0.416462101420421,0.730784154330628
"13297538040",0.611856052127093,0.47095472217562,0.554077149709988
"13297539728",1.93259238516539,2.50766330650666,2.05175134117602
"13297540536",0.269641808177587,0.471555036729794,0.674354266807925
"13297541231",0.575578858643164,0.702432463559513,0.633353399953465
"13297542545",1.54958154217541,0.966580546897454,0.946668184724468
"13297542949",1.36088428432893,1.65709714583615,1.01847626963968
"13297544646",0.505731121031563,0.445299796986257,0.805335195448786
"13297544995",0.549456372174221,0.993503173603464,1.04981694684996
"13297545526",1.97517499792438,2.06056044744778,0.668997658878662
"13297546260",0.408698288222207,0.461585087890272,0.660119462700965
"13297547818",0.298388026818801,0.198586038583345,0.361209125509655
"13297550998",1.01985518681626,2.88299700233394,1.26636636334802
"13297551271",0.219634243325998,0.25024212921531,0.31984319882576
"13297551778",1.98772356213101,0.967326975597227,0.941215299225677
"13297554518",0.386768964670124,0.753607421321593,0.748629489521871
"13297554527",0.706041928235365,0.681934026582463,0.464041231500939
"13297556724",0.60801662285065,0.468887128610165,0.447574916863804
"13297558689",0.961036684641991,0.7492630573736,0.679091839780715
"13297559356",0.47358780126318,0.936493306637205,0.40618533720449
"13297559863",0.737793765580552,1.43171514337742,0.787877434451808
"13297561998",0.205302852900047,0.376841350016324,0.618768503289469
"13297564770",0.3495484710654,0.473683118094992,0.436194324590013
"13297565143",2.40057974620731,2.04386250683897,4.50333640651078
"13297566097",0.658888130322594,0.680463939260634,1.34685245834125
"13297566401",0.664087086629397,0.904114615181456,0.578514898801292
"13297568287",0.533969434792097,0.118793791824145,0.320737010377583
"13297568320",0.48030659688608,0.25710041931454,0.270740860202857
"13297568476",1.3468071804466,1.78092447930939,1.5018329986833
"13297569241",0.473418956124901,3.10964228471662,0.477681566041543
"13297571481",0.543570484145471,0.226997851727967,0.46672956552878
"13297575006",0.874367297989088,0.93691511539649,0.844213668948771
"13297575323",0.566089545435156,0.83065342599085,0.828441242470928
"13297576789",1.47997268626919,2.08227064320237,2.63947799763621
"13297579064",1.26109563894536,2.20467246951143,1.39868368175828
"13297579634",4.59871862797288,3.06122182281676,3.27729044166504
"13297580272",0.204861937191019,0.531296914396857,0.424165733571395
"13297580646",0.436617981032021,0.539257225194131,0.752657352384399
"13297582198",0.505731121031563,0.278479245956777,0.775399777430974
"13297582203",0.497625283311571,0.23996798924406,0.389681358485994
"13297582450",4.59871862797288,1.43430939397184,2.37845856703438
"13297584611",0.119534610016062,0.341247128452481,0.272006633887116
"13297589880",0.253547157843262,0.585738876824401,0.65748093529974
"13297591366",0.996789529271093,0.373825909334976,0.628154239371724
"13297591679",1.06532652998599,0.449781502025323,0.969733569762506
"13297594475",0.603811710713042,0.401715494761424,0.310904625592766
"13297594483",0.987559087297348,0.594227565596118,0.868970814748869
"13297596069",3.88315784209713,3.16855931196585,5.13429550114485
"13297596591",0.266798430417781,0.110823311728583,0.472684616648037
"13297598590",0.384036566735883,0.522951892457848,0.293258749503158
"13297599234",1.14395955542971,0.734440441717616,1.70959639112974
"13297600336",0.52311269090108,0.554369784335906,1.03693357670666
"13297600844",0.873147471683502,0.505912773841626,0.346456826142868
"13297601462",0.740470454187413,0.76511820966266,0.899831469125459
"13297603201",3.07266775040805,2.90728777997827,3.45039979942251
"13297603212",0.872185059398327,0.928679265515645,0.79394280618952
"13297603472",0.187595272086437,0.536017634269103,0.606647692017745
"13297603785",3.83971353950928,4.33450558926867,3.79175525823264
"13297606027",2.15300090446376,1.52071679587839,4.14390233069981
"13297610226",0.119534610016062,1.05544245199418,0.439057059006164
"13297611177",1.23991901156055,0.464860534517047,1.25069392151698
"13297611444",0.640028642135572,0.776589807132189,0.70922295939319
"13297611699",0.389108817630682,0.324544046072994,0.327672465511738
"13297613153",0.883538267452788,0.868939004438689,1.86074451498329
"13297614902",4.4587371800059,2.15216227718954,1.5384655430187
"13297616105",0.282812269425273,0.384992930186938,0.376376764105528
"13297616808",2.70407412583187,3.03840566810578,2.81343738702432
"13297617463",1.26173367470792,1.25164845702794,1.61205234258458
"13297617607",3.57190112127612,2.16333850184261,2.08387573490135
"13297618228",1.1596222004083,1.6957911462535,3.58084160591147
"13297619179",1.05939722805704,0.523623141064141,0.975323672312948
"13297619669",1.64099301543491,1.36025442456992,3.25897227064131
"13297619800",1.02565392491424,1.44906073394692,0.692394789412701
"13297620145",1.12241459997323,1.12928735944282,0.97760375171104
"13297620550",0.379746546599802,0.35146863060389,0.412945293199122
"13297622209",0.733935420887513,0.87498057610855,0.465371388078982
"13297622251",0.399705701921106,0.706221337270747,0.719564633117021
"13297623420",1.56433512260986,1.18036902683681,2.43892108345132
"13297624857",0.5426263508146,0.348834604435419,0.384974484493428
"13297626105",2.50602070060985,2.06023371566886,1.455377042372
"13297626327",0.405368799345803,0.196335225330879,0.244355896868163
"13297628826",0.441934359155874,0.49631758014154,0.265592856658695
"13297630410",0.328066261745429,0.527977533878263,0.582356761084129
"13297630738",0.739519180174337,0.55149070669261,0.476227566814327
"13297631554",0.83252344698214,1.0293360710702,1.31335982483246
"13297631627",1.40723346759553,1.82282120632142,1.0635293719741
"13297631877",0.205000959760644,0.376883305951961,0.404951054848335
"13297631941",0.716319075027158,1.00431140967544,2.53456965969726
"13297632138",0.303529850033505,0.566252845983584,0.845248859604282
"13297632149",0.273537779575804,1.58975610269362,0.766929490070903
"13297632658",1.10657814818817,1.37697112323932,1.12673000432829
"13297634828",0.281716194357719,0.539046798562298,0.616502177255868
"13297635790",1.83595403861807,2.78600290644816,2.24008447993629
"13297636643",1.07343339258188,1.97948265670622,0.972071754410699
"13297637210",1.8406367176893,1.20537341271106,1.53703370474062
"13297638856",0.728188513271459,1.19213218174384,0.904384097430777
"13297639549",0.658926014017345,1.01240996641615,0.845116556838042
"13297642289",1.18907758876979,1.16815824905709,1.12130683726103
"13297642600",0.984847309990124,0.578235024269619,0.703423571074886
"13297643019",1.05407319296296,0.660905943334655,0.773304275971804
"13297645681",0.629624769785411,0.826163576551375,0.601628193237637
"13297646503",0.747892249384401,1.0171961251725,1.15362950960277
"13297649693",0.257629277550881,0.326982745086698,0.330792617248919
"13297650166",2.21066652033272,1.9625909801904,1.85855669470239
"13297651338",0.679405147076445,0.846213626242939,1.20169504991479
"13297652283",0.473418956124901,0.445459046740721,0.473631857883054
"13297653722",0.318069013786385,0.854715362732683,0.572597705320411
"13297653937",1.99064848736797,0.632263918327685,0.60339535298123
"13297655616",1.07770387158488,0.930764999022409,1.19109849165863
"13297656153",0.156094593438178,0.390679220109061,0.39689871979022
"13297658019",0.119534610016062,1.54440089208154,0.485883043644478
"13297659305",1.17050503715504,0.31965022462844,0.550838172610565
"13297661167",0.603465263581796,0.507644944324568,0.748704894311712
"13297663119",1.09079477089966,1.41687692564829,1.01927369490825
"13297664200",1.939463372125,0.269594725945752,0.916273395955544
"13297665321",0.465357264149003,0.325915063347803,0.50628189954183
"13297670530",1.37668064106973,1.02445250960882,0.509177964002453
"13297670588",2.00139768379465,0.97123627835962,0.71462475919402
"13297671062",0.380958403194788,0.750507968040924,0.341444125276762
"13297671769",1.23829584674713,0.841640217364982,0.737958207620971
"13297672216",0.511110278821846,0.677433317215088,0.611326168238245
"13297673163",0.263792978256786,0.465879143205249,0.380213474590373
"13297674222",2.29183428157277,1.01210308083231,1.6537031408325
"13297675700",0.600570029239986,0.881093865220942,0.98132012347364
"13297676427",0.233274152158309,0.405216468284139,0.177118654423208
"13297677914",2.64413155398831,4.1811855024954,2.15302098363502
"13297679074",1.76901817535637,1.36903267286721,1.1155259441168
"13297680645",0.480542153311994,0.588467745783499,0.311787728254386
"13297683106",0.407349729164149,0.366366413088926,0.337186297106953
"13297683590",0.585291776965415,0.836568164717275,0.721350190977369
"13297684047",2.82458300856198,NA,NA
"13297685144",0.16467786493538,0.170730173904443,0.194334873962268
"13297686789",0.402371794729074,0.442057813393779,0.602742409365639
"13297687569",0.354069831623668,0.509449455921364,1.07750247804615
"13297688496",0.923995036388687,0.462237613071559,0.618295553307323
"13297688585",0.643001310991233,0.926800267749566,0.894830717631819
"13297692647",0.594473901952097,0.100483563639235,0.215558129984396
"13297696314",1.34975594286158,0.174717730022328,1.16607091782349
"13297698219",0.221645727000068,0.276284417762774,0.257297176278416
"13297698639",0.250665703513332,0.299723936682988,0.616147359773472
"13297698686",1.02565392491424,1.13865856477134,0.712725012477718
"13297699380",0.385226201409507,0.554805334027584,0.343350365090807
"13297700115",1.4223416644526,0.973715126634037,1.29644808938365
"13297701560",1.93207362118165,2.3814196101069,2.17306599165665
"13297702418",0.472361921902659,0.311781375207834,0.211736959978448
"13297704367",0.276461085128307,0.329807278536392,0.355658591047348
"13297704522",1.14863924404977,1.33739109098636,0.842900287960669
"13297706683",0.428488419264892,0.364110811318615,0.568956615147973
"13297707542",0.470810064079764,1.17105662341793,0.371656344759207
"13297710063",0.456715809590079,0.511140656401692,0.33261947827882
"13297712447",0.167831135320009,0.498987907542277,0.46356719938602
"13297715022",1.01463552381861,0.690293789401965,1.10644648741533
"13297717131",0.241220112751292,0.166434048274968,0.164061191779729
"13297718154",0.393166756331941,0.322214360251502,0.322274652970627
"13297718531",0.65374056454134,0.543770635516711,1.2179820582314
"13297718617",0.334071906552689,0.829210531038795,2.09698152537876
"13297720853",0.285222203727487,0.21659294869652,0.398876241058934
"13297722225",1.3303214012822,0.692822424856272,1.09999754682376
"13297722421",0.837602070090403,0.91523967681157,0.763478060719821
"13297722956",0.43095318642096,0.704123604940174,0.426878832910863
"13297725535",3.23179868716571,7.09026640872804,5.01780863585576
"13297726962",1.64943890278755,1.49941729905441,1.13165746662526
"13297728857",0.837137171739021,1.55505446256358,1.1360450334308
"13297729381",0.359099883128937,0.329757931152733,0.390037317596893
"13297729765",0.410110168690188,0.358104692420318,0.442673669080907
"13297731016",0.562104300799193,0.3777742098703,0.269615231120815
"13297731042",0.370066820339333,0.215740278969377,0.246035646113541
"13297732587",1.47564411357869,1.28044227670992,0.892731916426265
"13297734687",1.67889305700746,2.18275127706731,4.08468304943144
"13297734949",1.55820468184656,1.20986692897601,1.3841550524015
"13297738154",0.624631928027239,0.372221186453629,0.429676381651336
"13297739112",0.386105622557261,0.248217834530831,0.186031046003824
"13297739444",0.832725769181404,2.19242444866704,1.33925318665028
"13297739854",0.161990815388001,1.22892135580616,1.50922864963807
"13297740766",1.64648247389127,1.97299858172108,2.33881030556328
"13297740815",0.910152270576204,0.323851870167561,0.83355905283381
"13297743355",1.8777523497399,0.735087246889924,0.862450460964157
"13297744566",0.229113446502125,0.152225689522579,0.237791561216502
"13297745005",0.828718090630982,1.45702996661196,1.16853662288635
"13297745401",3.75990272233971,1.70413941961962,2.42492315582
"13297747471",0.803228856549153,0.695495483316714,0.437646271886082
"13297747735",0.223446648163072,0.245351737246758,0.416028545164409
"13297747924",1.3468071804466,2.9675302500276,1.49246088049978
"13297749036",1.22904940500399,1.35111808214943,0.814436540928741
"13297749432",0.583040720933717,0.880403864851483,0.939244918676518
"13297754736",0.970733615822944,0.738049115451612,0.444910720017003
"13297757208",0.909885807682923,0.569293639586393,0.471443263933442
"13297757579",0.155158437731686,0.282483672098198,0.200196237282984
"13297757801",0.23742315503385,0.525326169033297,0.507497910884851
"13297757893",1.64633587683433,0.372077598541213,1.12140509725492
"13297758316",0.644126787437284,0.469359433372414,0.452769761026695
"13297758461",1.10300773462815,0.545514640857181,1.15588709915595
"13297759213",0.427164510688173,0.25588878492705,0.366271066407189
"13297760254",0.629028912562089,0.629884111164768,0.619653730571975
"13297762265",0.332312922696179,0.453203834979342,0.260922518520025
"13297763396",0.93974218482681,1.01782866025951,0.974606069979609
"13297764104",0.737705030592929,0.974146951178525,0.696984399418585
"13297764267",1.12718794252137,0.838356893139694,0.718565449760822
"13297764981",0.155707204385422,0.116023767684592,0.18591788205267
"13297765450",0.652126830066328,0.442949743951522,0.52877972539845
"13297767911",0.659789201243169,0.66166020480178,0.814062089007778
"13297767993",0.655022284172331,0.762807848876474,0.715468666442408
"13297768249",0.87830946722131,0.321939925491927,0.438934529862106
"13297769592",1.60135273571743,0.219917301112572,0.560893817163718
"13297770001",0.119534610016062,0.341247128452481,0.272006633887116
"13297774883",0.608224233896304,0.459407642177953,1.14117046456223
"13297775307",0.989637647690033,1.87983836353728,2.78410972386013
"13297777043",0.378304402659344,0.627431012569732,0.416863616911283
"13297778261",0.855557113796613,0.557891003683929,0.527469801176787
"13297778420",0.851552087180916,1.41510146368517,1.33417886148082
"13297778691",0.379746546599802,0.68953498308763,0.353164047750778
"13297780228",1.02778358947525,0.546947764481815,0.931083524613342
"13297781532",1.21723304171669,1.5716893746999,1.22290491887036
"13297781659",0.985306618982894,0.739222597906607,1.22651887417281
"13297782027",1.95178935713847,NA,NA
"13297785325",0.459458926042638,0.406601460080374,0.760676794302343
"13297786543",2.75659595349807,0.963147552412588,1.95211351918839
"13297787586",1.3459950750863,1.49540721022322,1.154878885502
"13297789010",0.939650980474188,1.49723826955381,1.78480445359747
"13297789241",1.1987985225659,0.249928205762732,0.517358634066169
"13297789966",0.730327854820406,1.46516545984767,0.575565477630531
"13297791240",0.16279551083943,0.293472114102244,0.365161137231729
"13297792928",0.185181548326834,0.313698404889368,0.648749729607207
"13297793439",0.457154280742636,1.01052777383641,0.69254602817543
"13297793458",0.450867476303793,0.64021016963428,0.568623388849648
"13297794566",0.744378900094392,1.11545734528827,0.690329739305127
"13297794928",1.12718794252137,0.838356893139694,0.718565449760822
"13297795007",0.615223715973829,0.770100504823286,0.59421587947839
"13297795177",0.766494977428707,1.00103892619527,1.35324636099963
"13297796339",0.584243876810525,1.23653800477294,0.83060294287583
"13297796907",2.75457067555206,3.59399674164002,4.88081181518339
"13297797255",0.181960611952668,0.145748245133673,0.447533387990652
"13297797564",1.38860642158739,1.82924835178334,2.58645161620414
"13297797824",0.655022284172331,0.612381615203796,0.587964262348685
"13297797911",0.393166756331941,0.322214360251502,0.322274652970627
"13297798380",2.29212701784757,2.59647775964193,2.85299509143379
"13297801060",0.17646779534042,0.468672022010484,0.45356402490918
"13297802674",1.50334956021672,1.51958086698483,1.59171289091996
"13297803068",1.31463170668936,0.69343534254775,1.30671548181886
"13297804515",0.240681740844017,0.256112273025833,0.195874080114276
"13297805651",1.14863924404977,0.858357280991556,0.510150228603693
"13297806174",1.76073301686965,5.69490412110946,4.00998157516633
"13297806400",0.387674649266508,1.14363625857553,0.59821937767983
"13297806985",0.909520378139721,1.69941326653086,0.749196267118784
"13297807049",0.341858447573403,0.738380196900008,0.419289896409346
"13297807901",1.08315774119732,0.373132273249253,0.863963331447191
"13297808553",0.659789201243169,1.4341388394633,1.63228481031024
"13297808571",4.59871862797288,2.30855544060489,1.90001348281826
"13297809003",0.54212204000764,0.877450401819275,0.694471274864108
"13297809590",0.397433058020806,0.480902737941036,0.342416011358056
"13297809748",0.966734700872701,1.72907011508914,1.07662408616074
"13297812347",0.315530456361033,0.96511908652402,0.360600606446484
"13297812819",0.967022565209332,0.53520753169866,0.62810683331292
"13297815488",1.09119722446187,0.810005898188392,0.702255657108651
"13297816077",4.59871862797288,1.01847049805746,2.27602647398912
"13297817867",0.286166559317808,2.79570163126232,0.675796530965437
"13297819431",0.560853827564349,0.959419652702489,0.49509476450599
"13297819585",0.799436408975062,0.654593425160769,0.797721560814871
"13297819892",1.16047111475471,0.585439998183898,0.914481137643478
"13297820991",0.744806442285972,0.436145911842613,0.703605264300894
"13297822970",1.76073301686965,3.0812139889787,2.10899624492342
"13297823474",0.626900020171219,1.2109243054475,0.401566328734115
"13297823744",0.686416051886637,0.442054234687976,0.421675766624835
"13297824430",0.424095033028036,0.699373566907805,0.422317155107403
"13297824577",0.398773398980967,0.150662102265425,0.352504976219203
"13297825626",1.09119722446187,1.0342905225554,1.3024525366706
"13297828861",0.252687649020005,0.201803462395337,0.181513485005679
"13297829904",0.817187035701225,0.501521240097127,0.919982341196892
"13297830711",0.751434902560153,0.413971392807182,0.946612872806717
"13297831275",2.87981049538241,3.21051140040737,2.17765227402761
"13297831677",0.544074531418082,0.092851858035436,0.497269023271242
"13297832162",2.49194565620536,2.52474891808467,2.05994812182814
"13297832506",0.30033258969828,1.5804007251343,0.679746881739554
"13297832774",0.337462314102458,0.203697602849328,0.178414239902777
"13297833492",0.796722131020168,1.47208361439059,1.25865739825835
"13297834386",1.77233165610864,0.513295355499403,0.752580355632358
"13297834509",0.119534610016062,0.2722337575429,0.362974975666552
"13297834626",0.30643761085619,0.280481743079086,0.487046817410064
"13297835238",1.09756391419411,3.06682925078699,3.07350759809585
"13297835325",3.39077850973472,4.745514334441,5.65690050974462
"13297836003",0.601214188386376,0.705255336447214,0.97124030700204
"13297836860",0.31227327647903,0.991703112083211,0.904059528324992
"13297837520",0.207868394020147,0.470734467042389,0.527646680783532
"13297838373",0.603615947998686,0.564075459521822,0.851254181850942
"13297839587",0.352244985532361,0.467350854003313,0.530018750976367
"13297839960",1.65527777498462,0.742208779054352,0.75213429963651
"13297840197",0.513719635617979,0.46112349322719,0.331820601327687
"13297840468",0.938837061525432,0.500537597956068,0.569204349315483
"13297840890",0.738202111585782,1.36260113953608,1.19037879241031
"13297841876",2.06796116872727,3.35245518056595,3.43184833383583
"13297843884",1.43175171240714,0.683399664159954,0.715652672383884
"13297844131",0.784553029928617,1.157688975292,0.680014050974884
"13297845560",0.767220111092967,0.607165017595721,0.319289319284979
"13297846101",0.215614323587895,1.22077602654319,0.677901516242888
"13297846678",0.546562194990502,1.54926486477584,1.21794293559093
"13297847670",4.59871862797288,2.67516376460837,3.80937292582544
"13297847910",0.441934359155874,0.581186718042361,0.348916313698216
"13297849590",0.555749006023698,1.10061617083226,0.659357561214472
"13297850694",1.68471490546257,2.54073432975426,1.87992088216265
"13297854469",1.4010034123865,1.00810115566713,1.38755629723311
"13297854524",2.66963708760206,3.58675116820027,1.89699739536077
"13297854837",0.583325596140702,0.730974485827591,0.538562205177659
"13297854851",0.612790980926673,0.833547627461523,0.547607570218966
"13297855920",3.73741741396453,7.47192053117692,2.30316852343702
"13297855950",1.54926650670632,0.914171743815167,1.22237704772141
"13297856367",0.748030733119658,0.607945447804404,0.537768704787789
"13297857448",0.644523039570001,1.15077136301436,1.06968376303426
"13297857534",0.496248350806753,0.588532433044064,0.559779394779489
"13297858694",0.22147122632313,0.481953508874978,0.451845816248061
"13297859737",0.174970994844923,0.358896825758343,0.561177451689265
"13297859783",1.37675914217695,3.79653965623234,5.13429550114485
"13297861340",0.731515321769018,1.8069009764046,0.50839261281911
"13297865804",3.25517201438393,NA,NA
"13297866136",1.7157307796951,2.53491539780187,3.00193356872472
"13297866501",1.1068831111419,1.88631760761347,1.99451980439429
"13297867436",0.556408422636401,0.618496381008705,0.653271450083075
"13297868284",2.80102716932442,NA,NA
"13297869706",1.31463170668936,0.66605633062335,1.12839163561426
"13297870871",0.354069831623668,0.366798296876805,0.703413841334445
"13297872676",4.12164397988776,NA,NA
"13297872781",2.80102716932442,NA,NA
"13297872958",1.00607995948739,0.997768887514443,0.606045410653502
"13297873361",1.80545008684575,1.746211309364,1.4563456486798
"13297874188",0.601913364454396,0.45255996593689,0.712640995831117
"13297875267",1.63386092438782,2.48621977872168,0.548467434982749
"13297875970",0.54838417045119,0.437934380220585,0.788329471581869
"13297876559",0.784553029928617,1.157688975292,0.680014050974884
"13297880069",0.911878446430649,2.04344443520598,2.31593610359815
"13297880444",0.143622848574774,0.25750580783543,0.532237357068747
"13297881511",0.197525678295584,0.202305762101275,0.25902035089329
"13297881739",0.601935833617204,0.612395062397176,0.462705725989274
"13297881866",1.3733364499674,0.360183809528152,0.997222681868662
"13297881932",0.569038045348419,0.333441416082082,0.674319545321026
"13297882349",0.268389517773216,1.09691423524697,0.459891204293766
"13297882533",0.440052133645871,0.703157895349101,0.839864299200494
"13297882725",0.436617981032021,0.539257225194131,0.752657352384399
"13297884666",1.49010282171191,1.81458051789817,1.51795459360086
"13297885837",4.12164397988776,NA,NA
"13297889874",0.316097979248619,0.534664587881044,0.779183411101479
"13297891102",2.73604579956331,1.13080292216925,1.4888918151699
"13297893121",0.99827144692712,0.667387016183528,0.5927255110812
"13297893285",0.285367020950865,0.516321013093636,0.36513308222542
"13297893809",0.657831111291411,0.708686126595926,0.761483158660334
"13297893971",0.664087086629397,0.850128816672511,1.01345878532379
"13297895744",0.866888860837904,1.3803010927876,0.504425290989664
"13297896555",1.20066396336587,0.704584163919201,1.1963458137732
"13297896645",2.39434803916719,1.60460266833922,2.29591655451533
"13297896727",0.411121931298955,0.646355798789062,0.720782940923248
"13297897764",0.119534610016062,0.100738806193998,1.085840125892
"13297898677",0.138116750982563,0.309392156075843,0.409025882670424
"13297899908",0.838914946581175,0.656424204165187,0.437094478865496
"13297900296",2.26838247339534,NA,NA
"13297901417",0.25390162796893,0.350189789990987,0.49085673582161
"13297902251",0.356261526516087,0.686902339285028,0.511937403753442
"13297902575",0.265214523110402,0.270363656355449,0.305644211652343
"13297902580",0.844969481799881,1.21030585404521,0.717253897657443
"13297903838",0.119534610016062,0.191684861896947,0.262148545670921
"13297904855",0.249213654440982,0.610138347910062,0.596980073014509
"13297905351",0.695157080732335,0.78385170674563,0.209117648917107
"13297905729",0.568711573109914,2.14789027452605,1.27484430234351
"13297905937",0.393071894543716,0.953442676544774,0.830023996120555
"13297906410",0.715028255249946,0.378560987063851,0.315576176261352
"13297906700",0.586581891128347,0.380216423865151,0.413601674724545
"13297907123",0.484833483071673,0.940269416382212,0.913188569204044
"13297909029",0.607732090295478,0.540385215400266,0.676683308994554
"13297909185",1.35996768553654,1.22711498585123,1.76421848827446
"13297909325",0.498068721743978,0.845280824792035,0.721694354067486
"13297909728",0.290609552428897,0.534999315014578,0.398522036538681
"13297911263",0.536656071454871,0.461864905298297,0.666504983646595
"13297912244",0.872306873486152,0.628395846652523,1.08512531766076
"13297913579",0.979966278465978,1.44414280130428,1.1304435578383
"13297914940",0.264988490922805,0.18357381182443,0.497207382678442
"13297916040",0.462575797961101,0.493590860427983,0.569666832735232
"13297916579",0.2156482182609,0.329696777905634,0.285152314240244
"13297916636",0.340101317261336,0.336427059643721,0.333537711227032
"13297917125",1.86611127096475,1.64533205894846,2.12809362058752
"13297917422",0.29621660685492,0.313307929733843,0.287365901310389
"13297918289",1.29696051864516,0.719361784178084,0.874595447811293
"13297919716",0.733935420887513,0.84357169911679,0.501132452334639
"13297919851",0.733935420887513,0.87498057610855,0.465371388078982
"13297920019",0.988525370978841,0.47338636038683,0.919895825752323
"13297920933",0.197209040271788,0.428964662995894,0.496303444105899
"13297923050",0.357204184321819,0.867402757236323,0.900987569785909
"13297923196",0.424601308694107,0.65325758575731,0.555703156881398
"13297924345",0.613139266031198,0.790354683489145,1.53031333367169
"13297925340",0.156417030993506,0.428631294539974,0.518260679439535
"13297925666",0.255715952734614,0.1585105637375,0.320625322717827
"13297925667",0.270333244821053,0.76718672185561,0.951233070231974
"13297926154",2.31380415643491,2.39247769100423,2.24802530023528
"13297927513",1.03668938880318,1.25455453650615,1.65374060879965
"13297928144",1.43723790076408,0.63660483641162,1.13209230103417
"13297928703",1.12245599666604,0.848702222110591,0.769970952384615
"13297929833",0.635814422503706,0.292901936293561,0.735664591393473
"13297930223",0.378304402659344,0.365891540226342,0.23730441775238
"13297931134",1.65830245943453,1.99225426017753,0.992761331449561
"13297931317",0.552266011358644,0.597883176649347,0.961120881503135
"13297931723",0.354069831623668,0.366798296876805,0.703413841334445
"13297931812",0.525946772988283,0.455425482249269,0.277116538628243
"13297931873",0.616760061195797,0.810622668445837,0.311148128839962
"13297931990",0.855183899700128,0.703565198985487,0.530416913265024
"13297932661",0.629613609883394,0.446547150735478,0.645790994616183
"13297932758",0.750485649977497,1.28495920360284,1.61677305419801
"13297933109",0.389913759739565,0.483715018252915,0.462726023994844
"13297933477",0.147016845376931,0.0640966694606444,0.0877288245457956
"13297933971",0.279262778009562,0.244935483098305,0.326397975073078
"13297934596",0.823674463588379,0.471632299106895,0.556636234865472
"13297936136",0.458168422834962,1.15777153003673,0.95653943254798
"13297936208",1.02923016303796,1.70799442891231,1.60251419137148
"13297936339",3.38545333178751,2.61706688944588,2.69841952301335
"13297938270",0.551660251269809,0.0953705522715996,0.15147219132144
"13297939567",0.309189116829101,0.525083300144305,0.284146470261218
"13297939601",0.411411370481626,0.719067178781954,0.885497694878537
"13297940341",0.604401820584454,0.571466980774225,0.908975634143741
"13297941098",0.384829047915933,0.180690976463237,0.429788794785804
"13297941174",1.51153152111518,0.643390568595406,0.894471951712157
"13297942244",0.80313002699814,0.518483605524341,0.566287006404005
"13297942603",0.578825630593693,0.675260110227542,1.04181229387439
"13297943716",1.59318213039414,1.57221321649094,1.87214988030967
"13297945033",0.846430024150992,0.440528220554656,0.343551169048462
"13297945702",0.58454532161819,0.347873011343192,0.525015646751938
"13297947673",0.322311720283004,0.546482145440599,0.465300675034603
"13297948249",0.672351050573755,0.457030888647078,0.603794142165284
"13297948555",0.535937235498895,0.379707141553441,0.246914708437287
"13297950465",2.23366748895351,1.56387728134763,2.50972360001895
"13297951276",0.640028642135572,0.776589807132189,0.70922295939319
"13297952247",0.549679028131445,1.34985010788082,1.39287586782376
"13297952477",0.389430229399014,0.47795394393958,0.649369877080503
"13297953604",0.371468892504542,0.352182138106621,0.532490338285905
"13297954911",2.49302341082383,1.85913004161427,1.2304971895906
"13297955151",0.389430229399014,0.47795394393958,0.649369877080503
"13297955458",0.641244500815081,1.04060833358411,0.767493673841864
"13297956499",0.633110135235361,1.05589598562832,0.779639259583301
"13297957068",1.76513625810286,2.12185802598564,3.07691158435831
"13297957732",0.283634003908216,0.215982560602365,0.293760749892558
"13297957957",2.29044709938127,2.65325214034381,1.89591295307066
"13297958097",0.845274945131623,0.781475186536353,0.639874897389018
"13297959068",1.17846384811954,0.846755871522359,1.50904646443287
"13297961385",0.752320123103537,1.97145507834945,1.03068163953687
"13297961609",0.37555376794662,0.612900577584967,0.92354923945864
"13297961814",0.274001392840059,0.575063768224276,0.31696368742066
"13297961925",4.59871862797288,3.58007282348015,4.01095029913431
"13297962234",0.535360224180046,0.942935350357734,0.948263569374825
"13297965001",0.578881755470168,0.936166854721901,1.12579377886241
"13297966351",0.525880969972665,0.913361973095423,0.474053384787275
"13297966973",0.703777855129868,1.1138453379219,0.862766617499552
"13297967190",0.22147122632313,0.50720674146362,0.544298512910275
"13297967337",0.373222416458002,0.160797341564817,0.287910343437026
"13297967780",0.884945957086748,1.15034992555721,0.754866427277101
"13297968410",0.647489216033877,0.335997511008007,0.606463762855501
"13297969761",1.12313791351683,0.546189293576704,0.474446898356542
"13297971648",2.4738814320816,8.03950774017374,1.82564584377855
"13297971884",0.546867395169531,1.03984627972627,1.11923921434209
"13297972958",0.452700653156581,0.63466286268242,0.344810247217541
"13297973345",0.838046211174652,2.00254451386674,2.184256658165
"13297974349",0.396170890152958,0.535983884828727,0.459205268229034
"13297976850",0.483981995116071,1.17881899007305,0.965625549080567
"13297980389",3.62136490557362,2.43482716471376,2.200015401413
"13297981107",0.643339610106351,0.763492430957012,0.923273724270622
"13297981665",1.30366108299576,2.02092305087339,1.35557280106334
"13297982210",0.555749006023698,0.704084868378149,0.459899343477573
"13297982268",0.208055861115843,0.240340324630298,0.456678645612287
"13297984662",0.183810047093537,0.185584463688645,0.280376275107787
"13297986377",0.533617826003514,1.75245978436891,0.727743157484945
"13297987242",0.685996929630284,0.371760217963521,0.417849589996873
"13297987444",2.28146162372625,4.40579281949326,4.59491662829842
"13297988764",1.25587176479178,2.74556970636537,1.53838163400877
"13297990548",1.08040637694312,0.954588730623301,0.900408583777836
"13297991859",1.22932350455687,0.853495876647265,0.820702879435797
"13297993350",0.375537733326524,0.57167749037515,0.356249570830657
"13297994868",0.22208248359179,0.461858786977883,0.483008040524424
"13297995145",0.666120393140771,0.434149999952306,0.376183330392192
"13297995448",1.3363356967712,1.04761176143353,1.14124032478584
"13297995628",0.410110168690188,0.40861207457989,0.486941972650178
"13297995729",0.468226363831579,0.768485030510453,0.639511292638814
"13297997845",0.880854924673486,1.10872628416225,1.04702454922296
"13297997991",0.6470300849842,0.739080698095168,0.585509104628746
"13297999408",0.244598177809865,0.191684861896947,0.256254828965454
"13297999495",0.307763871158033,0.366444986828355,0.494498484881974
"13297999533",0.156540997081289,0.347654155136224,0.240706687374374
"13297999770",1.81012410155022,0.573450982031587,0.403940764980617
"13298001914",0.285219097202175,0.384449008576282,0.314852491784761
"13298003794",0.528836925961785,0.492471332987881,0.380216696846459
"13298004646",0.16761648849907,0.458407877792286,0.279697759184318
"13298004790",0.488862023342243,0.749866331385487,0.428731102098043
"13298004944",0.454262296575263,0.307870584897152,0.453233372082217
"13298007574",0.847549234877568,1.61598181764945,2.37887928680858
"13298008052",0.205302852900047,0.373511128078065,0.548191898199606
"13298008637",1.22965617046234,0.468170320052467,0.400344667770669
"13298009532",0.706198442101312,0.411131117110334,1.12073415599397
"13298011128",0.365183186751751,0.476651287410826,0.399596921126872
"13298012525",1.14834652520349,2.21010727323906,2.9418536627486
"13298012927",0.282846830151538,0.385180348487671,0.443537902390939
"13298014533",1.40723346759553,1.40299756496923,1.31866115270114
"13298015661",1.14718610716457,0.980904906944228,0.931670805900808
"13298016607",0.207868394020147,0.501692817066238,0.659017631918941
"13298017082",0.175268021793306,0.227387616219612,0.24702342085484
"13298017486",0.578918344098334,0.213376836378729,0.17835622716233
"13298023079",2.62620234588257,3.24242927026046,3.00200407192549
"13298024625",0.221489101268316,0.381837072996823,0.447170635741958
"13298025174",0.252687649020005,0.201803462395337,0.181513485005679
"13298025637",0.775472231005757,0.927504925742766,1.32848120337217
"13298025903",1.89621213118902,0.764708129083151,0.728950584560561
"13298026246",1.63531399664114,1.57796506776241,1.52499154656674
"13298026428",1.9181457911901,0.677832609166107,0.773796420258703
"13298026686",0.651355651183626,0.63311884453817,0.672963265960786
"13298027094",0.197336231533325,0.764698559927717,0.35565212403771
"13298027218",1.85213437417374,0.98366408906385,1.3908470898975
"13298027292",1.07383734603226,1.67562104588269,1.56367503252264
"13298027523",0.655277900569031,0.784570567523934,0.576058475107989
"13298028829",2.04063464821494,1.31588726410031,1.23184469540895
"13298029116",0.676694371494538,0.784514675325848,1.13341988568469
"13298029178",2.5988814735003,0.991385252432154,1.83882581176645
"13298029881",0.385998772240239,0.697965473200434,0.398717093128603
"13298030905",1.35996768553654,0.788433096295938,1.6704121825727
"13298031039",0.211821637793127,0.308552944030337,0.39504002666819
"13298033208",1.7312552769638,1.26091442278121,1.11582319330052
"13298033336",0.473513705854661,0.65603736215085,0.601511554053037
"13298037904",0.891069454617845,1.04052756988606,1.97605175751071
"13298038640",1.13331979472573,0.568010462989361,0.431842027291715
"13298038762",0.675687579063594,1.04266045618603,1.15733446128835
"13298040334",0.207967642603263,0.307744664373932,0.545961338796711
"13298041183",0.985879433296898,0.615651618481712,0.636740274565265
"13298042034",0.419431327100929,2.36826480999849,0.672395206711613
"13298042431",1.70479037449329,1.51148745451964,0.84723664823794
"13298043583",0.518808916996342,0.269041640880267,0.306354092802038
"13298044124",0.309189116829101,0.647479023230375,0.402392770129351
"13298045273",0.679788105982178,0.309280535374555,0.537943457481667
"13298047809",0.315294243720363,0.537143548209387,0.355669088751284
"13298048104",2.93188443512809,1.70739649662795,2.20393842838178
"13298048962",2.38636591588832,0.887766867536209,0.853004906537685
"13298049071",5.07386941946142,NA,NA
"13298049450",0.277852790232061,1.55400321914817,0.414391197967758
"13298050062",1.3780843800491,2.48800815576705,1.83828373732222
"13298051178",0.359958202691099,0.185738835276943,0.249983627598534
"13298051399",1.2636011529874,0.478165173310992,0.636423192259915
"13298051923",2.00368751187979,1.55575802626974,1.25709568777576
"13298051993",0.928086600636484,1.64330014896697,1.30764624712594
"13298054244",1.23991901156055,2.15566024693453,0.802176088701038
"13298054570",2.21080943486422,1.89192188508184,1.52403751471702
"13298056119",0.405065336966308,0.862211942597483,0.685359158728462
"13298056232",0.692423074945129,1.23301713979629,1.16664126753039
"13298058727",1.04669382807895,3.03111582046081,3.13578411494071
"13298061270",0.402878904547699,0.560928832077149,0.505653730366022
"13298062019",0.799596461400957,0.659333373688105,0.697301910086854
"13298062561",0.460803931309267,0.522946359369875,0.501863048018996
"13298062642",0.907640506798103,0.671313202501825,0.66016952828116
"13298063519",0.354761187576509,0.437877328794127,0.404633527607128
"13298066825",0.455026618196977,0.395577740376396,0.777968458662589
"13298066878",0.791885292883943,0.656418619836401,1.09307883813366
"13298066985",0.260839798233219,0.433130632531556,0.349861273828604
"13298067162",1.21659600301053,0.511140656401692,0.33261947827882
"13298067177",0.479988250630188,0.0896192509847442,0.307577819751246
"13298068181",0.436274849939393,0.154519151356443,0.227364383086537
"13298068251",0.25829256559526,0.744753825792876,0.653781098625074
"13298068420",2.95773396248369,0.453629036885073,4.3053937365877
"13298068697",1.65005073285133,1.53547105127956,1.83118957178508
"13298069262",3.56463716215311,1.9337961332049,3.0561708629847
"13298069291",0.296202689611201,0.364770345312446,0.398517701122095
"13298070339",0.7624281103463,2.32480970349235,1.56406316273925
"13298072776",0.68065276040676,1.35353908809358,1.15819473738168
"13298072912",0.390088906876446,0.78783855613593,0.98741882858545
"13298073152",0.368388769723641,0.329445166540254,0.412585969416318
"13298073430",0.860930488431394,0.593630534782942,0.182018445557697
"13298073526",0.216693453274746,0.301365938575367,0.337128008283594
"13298074294",1.1052258469688,0.800801262386114,1.17776316250441
"13298074796",0.511231344578881,0.313980322611604,0.312765793347632
"13298075342",0.626744267757169,0.368994508452832,1.2466875899957
"13298075501",0.652126830066328,0.442949743951522,0.52877972539845
"13298075927",1.9497298280273,2.9677787036333,3.30338503245043
"13298075990",0.626542492696473,0.201803462395337,0.240601224098782
"13298077912",1.55820468184656,1.50829356486192,1.58901808465202
"13298079124",1.51984952954651,1.36191116208494,0.799776938468592
"13298079462",0.939367687372224,0.556103230821155,1.04304418717545
"13298079471",1.89561434979309,1.02994677047072,0.961337941928077
"13298080498",0.636996667057891,0.607153021085614,0.982970364770011
"13298081827",3.09091594750524,1.39557817776477,2.0072569972648
"13298083104",1.38860642158739,2.5188311815464,2.97132203729428
"13298084455",1.4156383968313,1.22974991363488,0.90186103614157
"13298084618",0.119534610016062,0.144430814882753,0.289835283033935
"13298084782",1.91973840132852,0.843673626733647,0.71138668610372
"13298085050",0.372936449806625,0.286972864476648,0.65107667835499
"13298085791",0.903414178517777,1.36664938395454,1.14751348819794
"13298085992",0.792516900453091,0.337569811542807,0.112961101153041
"13298087609",0.183810047093537,0.185584463688645,0.280376275107787
"13298089305",0.679774410571181,0.720290970952351,0.655678238992978
"13298089752",0.395576415251575,1.40581217858078,0.27355649929069
"13298089804",0.436100300812387,0.390605939913533,0.283688523862739
"13298089990",1.33231484168028,1.29772011754421,1.0267727410757
"13298092604",1.5682066538244,1.89814678323864,1.82931911467318
"13298092613",0.80313002699814,0.607301921934405,0.746157066520228
"13298094703",0.119534610016062,0.200880641983254,0.279260117327632
"13298094929",0.674297804332494,1.84187957686691,1.48403807719298
"13298096408",0.583325596140702,1.61867827675062,1.01271174104673
"13298096733",0.374684783599964,3.18795907551949,2.34561963123925
"13298096891",1.95789286332924,4.42799629302083,1.47497007020153
"13298098760",0.306800960579008,0.381249350773165,0.626622264914302
"13298099291",0.291321467676579,0.268358559224534,0.200905235770429
"13298100301",1.02590500161945,0.339777807856728,0.865869943089169
"13298100911",0.380133487351328,0.768394991047028,0.471196239139608
"13298101223",0.394269529380813,0.453375800788133,0.443054212182865
"13298103246",1.26150359898368,0.644827287770554,0.689275694668108
"13298104751",0.762588455037514,1.76861514857756,1.48077670442996
"13298105337",0.651805255575597,0.505234042272208,0.49379078394297
"13298107789",1.63386092438782,2.67541540128154,2.46963038870343
"13298107923",0.780158202423023,0.608138015710608,0.960062937557859
"13298108519",2.00741945659133,1.56628250874949,1.07666037457537
"13298110029",0.546869018682293,0.633066132308102,0.703571036739975
"13298110365",0.285590685389115,0.817204946165194,0.41862855447953
"13298110705",0.978944032416329,0.507409650128248,0.915382079706553
"13298111007",1.69270633732681,0.561519771343055,0.512978866402791
"13298112468",0.984194558118094,1.2313175489315,0.928169890345586
"13298112715",0.202061295503754,0.199394448540935,0.350841520406941
"13298114096",2.2619423757402,2.60321454329164,1.42389502294755
"13298115693",0.546106766981763,0.46877789993744,0.928876011267491
"13298116799",0.895039247954646,5.44989638757963,0.60532234123141
"13298117096",0.574926608054714,0.464294923213596,0.836617962850196
"13298117935",3.87889234571521,5.69490412110946,4.5103025704721
"13298118052",0.627625946882029,0.238594168440239,0.836092985408195
"13298118245",0.640965055044114,0.980071159260395,0.6328791843949
"13298118458",1.54582301475189,2.00107252838068,2.01419210377148
"13298118527",1.19758041436547,0.812967118268894,0.75719949262188
"13298119603",1.03996235193455,0.672084778009774,1.07995672708079
"13298120820",0.157661153299243,0.526660147871916,0.538072059629432
"13298121189",1.84218269719062,1.88100042892273,1.63849925910618
"13298122053",0.544074531418082,0.092851858035436,0.497269023271242
"13298122433",1.98514249546039,2.14144242918719,1.25335054589394
"13298122617",0.546778425285964,1.16120644467366,1.24971768652221
"13298123078",0.354613934214522,0.38571848810925,0.385496197078462
"13298123517",0.483162748708708,0.498832870999591,1.05791516481329
"13298123665",1.84558464822589,2.66171151846246,2.32717502967398
"13298125061",0.441934359155874,0.581186718042361,0.348916313698216
"13298125200",3.94689141263096,10.3533582164044,5.66081989449045
"13298127848",1.88608835742005,1.46205537286702,1.55235384851335
"13298128785",0.456323859457889,0.124120953877668,0.393261323499654
"13298128885",0.441934359155874,0.323108794843769,0.162401737273927
"13298128946",0.200073525595899,0.248678757124541,0.50705978120711
"13298129486",0.119534610016062,0.191684861896947,0.198921056466584
"13298129822",0.344886723074392,0.620783380170457,0.771695357072669
"13298130039",0.869148723722776,0.608154355283725,0.197476562475546
"13298130081",0.855589925945456,0.439380684118104,0.311459033479132
"13298130978",1.10101444128128,1.24190825115699,0.856661263942788
"13298131592",0.674470160078167,0.614662102483777,0.590113256962823
"13298132389",0.873147471683502,0.730557343201114,0.344798441072619
"13298133365",0.730110622457273,1.0606348390932,0.749756552398258
"13298133909",NA,NA,NA
"13298134348",0.594906654495006,0.331002032154494,0.687308414145681
"13298135654",0.252687649020005,0.646744589539428,0.56282815306985
"13298136096",0.229113446502125,0.417567448152601,0.242385901896851
"13298136937",0.962516599585619,0.445237042024337,0.548286005520141
"13298138286",1.22018944244218,0.813570823965158,0.685931451910125
"13298138426",0.334797011396486,0.35052345110043,0.540546443400386
"13298139219",1.3629670689084,2.20769672707385,1.98458375612173
"13298139258",1.15768756722379,0.842801981586662,0.881652954076873
"13298140141",0.204375665274536,0.311781375207834,0.211736959978448
"13298140547",0.371873362713023,0.318041282583415,0.319936905315523
"13298140776",0.510192961142958,0.0814309253675152,0.485516650757494
"13298142511",0.373389079069255,0.517896299716174,0.726938722653516
"13298144117",1.39546105980693,1.4507649423809,1.22701688372511
"13298144564",0.184277977745978,0.0751159021047536,0.302077856862513
"13298144929",1.3523469605086,0.759753922329339,0.843490891462528
"13298147440",0.409056916046362,0.460336776863399,0.534227336353805
"13298148598",0.291321467676579,0.249690559279338,0.221790810863598
"13298150447",0.378159294813815,0.394694129382489,0.399241606794912
"13298151040",0.669348595027073,1.79846380820851,1.29020687135125
"13298151243",0.661640012822854,1.59331517343072,1.18325834994638
"13298151388",0.799335507677152,1.00350978828347,0.915399790143366
"13298151443",0.463905596528326,0.514269690851049,0.408689041065406
"13298152154",0.711808525618288,0.483510457186895,0.457246175398034
"13298152189",1.12531941550716,1.58759393654664,0.960853432722744
"13298152472",0.799335507677152,0.561161455670376,0.697442861112081
"13298153020",1.14526160618682,1.15214688938309,0.926304576576601
"13298153755",12.9860749967048,NA,NA
"13298154059",0.308866366307092,0.378505023925054,0.550145836670883
"13298154297",0.374164152400595,0.448110076044356,0.746460579061342
"13298155732",0.233465641162208,0.650179856125401,0.481290202971704
"13298155817",1.50334956021672,0.898275314877976,0.806620132621748
"13298156940",0.569156018793066,1.29315809778915,0.549453172134049
"13298157439",0.25829256559526,0.60297116559292,0.563476663792848
"13298157551",0.945434366859781,1.25204788076777,0.91422682773829
"13298157658",0.591293639171003,0.824904926910337,0.603705054215604
"13298157695",1.46626132673198,2.21814480054675,2.1178498788665
"13298157957",0.83252344698214,0.707859551897971,1.00365374449188
"13298159065",0.450067128232864,0.318111014194748,0.419254049309515
"13298160737",1.1569453718282,1.40653232198278,3.0841748337258
"13298160959",0.590191233526413,0.419066923428402,1.07810980679457
"13298161169",0.422158312088572,0.896472011714358,0.773720860451094
"13298163667",1.11175000086773,0.648075782352524,0.554444796176861
"13298164012",0.651355651183626,1.08918445874515,1.19718539030691
"13298165105",0.313533873269369,0.515030940238126,0.40650888411907
"13298165351",1.42711296671562,1.87997868627911,1.40667145233682
"13298166185",0.782267541551794,0.609794302004932,0.634220785375031
"13298166548",0.934139296014594,3.93455974812083,4.88081181518339
"13298168588",2.34760701560365,0.980443391975232,1.23852855487299
"13298169141",0.907557985022499,1.76391365609208,1.46575072236473
"13298169784",2.3784242122691,0.96791736944005,0.80364495318828
"13298170909",0.239524603915194,0.249028482690588,0.818997703203255
"13298171101",2.70596603809876,1.18317295488249,1.13809310978981
"13298171200",0.419801869809766,0.46375657692561,0.466188527741431
"13298171574",0.265083723756555,0.298045242739296,0.478250983804297
"13298172281",0.764235347827161,0.547905329867327,1.1464113034655
"13298172667",1.66723020428059,2.17084783623623,1.75415187195057
"13298173179",2.63042261147587,2.62219429048374,4.14390233069981
"13298173406",0.429028183730159,0.766449096555958,0.641031469136787
"13298174330",1.58144183840315,2.77621953084597,1.86372021699121
"13298175344",0.537280153815242,0.264515057672712,0.722461242335976
"13298176823",0.462575797961101,0.399575270313353,0.363587754433763
"13298176955",0.216558053604217,0.453615406792237,0.349220939067826
"13298178769",0.579372896523273,0.609232014539085,1.4066280468482
"13298179107",1.38756493249453,0.731919022257203,0.426717297939939
"13298179367",0.29621660685492,0.443302645129993,0.416131554051461
"13298180237",0.624544876604197,1.43719629835474,0.816467186893093
"13298185056",0.348567784742636,0.597555404937332,0.534410749868975
"13298185218",0.802897082594083,2.25789278663618,0.690323508122436
"13298185634",0.154724286895358,0.847065151915504,0.66746117933867
"13298191525",1.13668856292297,0.899180585825019,1.30267537708309
"13298191653",0.444493983841692,0.412163854539117,0.433725962776932
"13298192262",0.964118047974335,0.558937107027465,0.744558810645807
"13298192304",0.846430024150992,0.440528220554656,0.343551169048462
"13298192522",0.391371514461495,0.184604624694073,0.22678994517273
"13298192982",0.119534610016062,0.199394448540935,0.350841520406941
"13298193325",0.652980103484264,0.650552377078374,1.02135198276424
"13298194456",0.636356266662396,0.918899896674715,0.328312299839265
"13298194655",0.904051844187275,0.588779660016496,1.42461038291221
"13298195181",0.416422134316249,0.672806369257792,0.618611475489521
"13298195500",0.919456305745665,0.585988396977847,0.79990390678074
"13298195937",0.263258645283779,0.43200469529061,0.30075500777176
"13298196558",0.369916069145623,0.269159234204222,0.451342538691735
"13298198171",0.261672181438347,0.256180433146945,0.320702425104573
"13298198588",3.25517201438393,NA,NA
"13298199214",0.393648346525287,0.900784436762491,0.872822131566393
"13298199712",0.487906536996627,0.448674993137933,0.23283017111023
"13298199842",1.0530697043547,1.92226468904006,0.937795013811499
"13298200999",0.590749851368602,0.678350521573374,0.804902963386867
"13298203005",0.137084300399781,0.347045832845087,0.326845387883217
"13298203530",0.255780055955212,0.416571475258963,0.325191189391834
"13298204189",0.511231344578881,0.658379864689872,0.64009534676791
"13298204676",0.446184460755775,0.369727544599835,0.658451598577065
"13298205895",1.08222803098492,0.990674322020329,1.39395626317204
"13298206060",0.536159034779727,0.0578999523810159,0.296677568567701
"13298208444",0.552188533164299,0.526127489551625,0.521188672347
"13298208497",1.70066009226497,1.48837875557038,2.71133830756986
"13298208882",0.350853460551732,0.444341169368045,0.345448436672232
"13298209683",0.339841799036975,0.498320395910437,0.623736358820847
"13298209827",0.493052997721742,0.758278475971898,1.33570380713415
"13298210702",0.340773037256749,0.446272776207587,0.499910548451241
"13298212617",0.683383662915975,2.60634704509467,0.867126407755856
"13298213072",0.673462667910613,0.593032310211184,0.542236664043479
"13298213359",0.210932451876067,0.549492465945662,0.299821944352152
"13298213896",0.573043945761229,0.596516380776467,0.855912167828188
"13298214504",1.23930225850119,1.01562141671311,1.72126131680892
"13298215332",1.61835972322206,0.452595535527955,1.27127637848475
"13298216072",0.833322189000698,1.32465630686778,0.895760646217023
"13298216244",0.249722740670361,0.251758463110884,0.2360559822103
"13298216329",0.818070005438116,0.225372074341235,0.485779049150127
"13298217318",2.51116612129097,1.59093445840041,0.826803757049875
"13298219320",4.2688367122038,1.50339838604857,1.32294513969532
"13298221247",0.793243226888978,2.2020182966702,0.821152617083214
"13298221585",2.49966944738414,2.40821363464564,5.24817246628669
"13298222787",0.386416350620669,0.220760371603834,0.202022137063946
"13298225593",0.475753905686166,0.241821136808276,0.245456459248436
"13298226111",0.590749851368602,0.944389241724743,1.23377080016181
"13298226197",0.343276070165646,0.647168570886165,0.568138244745515
"13298226564",0.460946203811119,0.630927513696859,0.991780464122926
"13298227858",0.81458674003179,0.682726104261928,0.27793089508001
"13298228609",0.375303111015994,0.796146284271225,0.728490240101476
"13298229058",0.256903980953536,0.789659646232472,1.00558477921664
"13298230347",1.07383734603226,0.981270121522517,0.991374585897566
"13298232992",0.340101317261336,0.336427059643721,0.333537711227032
"13298234146",0.686416051886637,0.627539158856888,0.452098805114757
"13298235125",1.67102134544561,2.82073948679661,4.59197079008822
"13298235803",0.788210053411107,1.26136118604105,0.990038344048058
"13298236108",2.67209922500876,1.82714296864302,4.14390233069981
"13298237034",3.73962151703455,3.8823222334867,2.70851319398831
"13298237137",0.574975829319483,0.570866225941392,0.674824112380272
"13298237548",0.605593533141328,1.64419841549791,1.24807854545702
"13298237568",0.657633013098035,0.28479691934717,0.502937251744615
"13298238051",0.420663707806305,1.08870419350483,0.704315399765823
"13298238710",4.59871862797288,0.35481101223919,2.22597741769408
"13298238812",1.96916120378606,1.33156559343666,3.29504823221459
"13298239960",0.438798028155063,0.296068384857927,0.441347891698718
"13298240240",0.423131880906605,0.480264584168504,0.766265496569364
"13298240558",0.386105622557261,0.248217834530831,0.186031046003824
"13298241355",1.33951641688434,1.17249245561387,0.606230902520834
"13298241774",0.5340232609066,0.370831864945149,0.866237916708532
"13298245350",0.415972281854972,0.857767602319022,1.1126464903018
"13298245522",0.436100300812387,0.225372074341235,0.214371961269503
"13298246440",2.26109619891658,0.985119561734482,0.686068170371399
"13298247266",0.906332822127624,1.64532205946102,1.31402304626463
"13298247651",0.58089713165468,0.650212985133996,0.561277428902286
"13298248759",0.502208723940985,0.38594942626097,0.626776398926493
"13298248810",0.410873446721621,0.218873858910677,0.400357636687012
"13298249284",0.515197830923019,0.315600094926144,0.495693443616427
"13298250025",0.284248594469911,0.327736983863657,0.638553970682978
"13298250971",0.16279551083943,0.375008574374792,0.375566034716376
"13298252067",0.690128276754905,0.679184138578052,0.430709799441176
"13298252161",0.428016814419236,0.0910461091040974,0.166533991525616
"13298252515",0.967318649588201,1.12422065068563,1.03886089089607
"13298256535",0.529698971935291,0.3588287139701,0.33380393542743
"13298256762",0.638414311402444,0.561095154072228,0.863912544546995
"13298259538",1.1068831111419,1.01287152816896,1.18768127254865
"13298259699",1.20128915185718,0.544073064927215,0.515974833432465
"13298260958",0.880517672278173,1.28914294167218,1.14874772059718
"13298262060",1.07416746412134,3.49082511829373,3.28127482165985
"13298262404",0.335377959634215,0.547693269166738,0.532670564672933
"13298263255",0.263408545432695,0.713289021357349,0.612874928339027
"13298263616",0.394492350334684,0.650611336373331,0.696547103044502
"13298264154",0.178702255047957,0.555727133810974,0.460118927046187
"13298264482",1.47564411357869,1.28044227670992,0.892731916426265
"13298265119",0.7048661218189,1.39335800883916,0.677951044942619
"13298266077",0.430459986901194,0.349576175126984,0.611370811774632
"13298267590",1.14863924404977,1.24884072429154,0.827335981016339
"13298267972",0.695157080732335,0.435452975512864,0.180273556022707
"13298271442",0.612004343255759,1.30511760506083,1.25977418149813
"13298273176",3.52598035785593,4.53513879444859,2.35914615684122
"13298277123",2.22757509024725,1.97111867415906,1.96627828321489
"13298279063",0.423408377703663,0.528001007986205,0.610655460268065
"13298279308",0.269641808177587,0.596020040251478,0.764647698914658
"13298279441",4.59871862797288,1.87988294666658,1.80445193926267
"13298279771",0.888908260336107,1.57940008909324,1.04231319843003
"13298280053",0.365183186751751,0.601314181494559,0.388283113091048
"13298281824",7.58603548872881,NA,NA
"13298282465",0.605915851401152,0.802465682292054,1.13214680721561
"13298283460",0.165554571462497,0.167438694143024,0.305935256779341
"13298283680",0.964921634408242,0.630823262033019,0.683764319568329
"13298286305",0.563129859327298,0.908244808876227,1.00814354799341
"13298287733",0.278335919148529,0.295759052468938,0.348457964657778
"13298289240",0.681861268445882,1.12001519597717,1.28510422888409
"13298290820",0.334873548533634,0.388324227278244,0.363554846657465
"13298291974",7.99878709761939,NA,NA
"13298293350",0.119534610016062,0.282468906105487,0.267812765965048
"13298294406",0.679319607174802,0.581056754430749,1.03814937990795
"13298294448",1.67102134544561,2.82073948679661,4.59197079008822
"13298294532",0.492308802003779,0.286561361644664,0.320484642941148
"13298295140",1.65644959064994,1.66415528329729,1.03778477654355
"13298297220",0.575578858643164,0.495220034168342,0.41310624276222
"13298298397",0.547481119982311,0.541811882001339,0.415005371040244
"13298300003",0.411929600679094,0.379023462351854,0.664617220298228
"13298300700",2.11183788742487,1.53036880220368,1.36903114344777
"13298301597",0.264988490922805,0.476328136463623,0.607549706879627
"13298302606",0.514103859168001,0.451969776643531,0.456061761782339
"13298303714",1.47697895810032,2.46420797323657,1.75524860597122
"13298304052",1.02778358947525,0.868222040968394,1.29145281108783
"13298304939",3.42330007787037,1.97030522348149,4.02885448475344
"13298305762",0.416422134316249,1.04582192113114,1.02288120060495
"13298309942",0.466745647135926,0.362740867545119,0.263376874131589
"13298310668",1.1588745587887,0.662650039701845,1.2351496966332
"13298311971",0.828718090630982,1.08033239541717,1.21787016148375
"13298312597",0.388156155113716,0.944832382148315,0.446573780755677
"13298313391",0.682062357686073,0.541277737626519,0.486560701091557
"13298314214",0.31008402997748,0.365290510862828,0.322243544398576
"13298317813",3.95029691907519,0.666547498674722,1.35119849497533
"13298322461",0.198564848294441,0.226939179287569,0.230087047885024
"13298323112",0.285219097202175,0.370811185309254,0.348248753176867
"13298324024",0.235794086910643,0.391003422368109,0.59145592262231
"13298326513",0.607628449464025,1.52759728827826,1.46564223248893
"13298326543",2.82263156359035,0.781179798883115,1.24116470120252
"13298326998",0.80633916536046,0.652946721963295,0.873099235770907
"13298327503",0.670070539996191,0.735549717179424,0.856978953410486
"13298328031",0.394492350334684,0.650611336373331,0.696547103044502
"13298328224",0.16279551083943,0.388734630852817,0.543800782111938
"13298329082",0.254687216061086,0.549030976108286,0.583553195506018
"13298329784",0.644523039570001,0.257817587079865,0.404444523192295
"13298330709",0.504500109531487,0.34939382148662,0.412651215439486
"13298333632",0.561548924748911,0.343348682860465,0.490254382757705
"13298334485",12.9860749967048,NA,NA
"13298336261",0.58089713165468,0.509750447448294,0.305362973292746
"13298336472",1.52974501253565,1.6616082777508,0.850337358362831
"13298336920",0.441934359155874,0.530473517243,0.263749863373701
"13298337273",0.318069013786385,0.513561897465436,0.430839740489563
"13298338378",0.263587454150688,0.472403770888885,0.619285137933758
"13298338977",1.35325883614169,2.67297980395659,1.8404949755502
"13298339512",4.5780267843748,NA,NA
"13298339515",0.577223849468094,0.701505928664857,0.808142294339937
"13298340054",1.20063070675988,1.42527956108001,2.0031708860262
"13298340938",0.613068564846875,0.942041576207181,0.878754924917304
"13298341375",0.174417876887651,0.257603701687778,0.467800518862216
"13298342635",0.511463903903243,0.723473114321325,0.582376557644257
"13298343082",1.00805060484027,1.94176674282267,2.44055188276408
"13298343484",0.480661861733551,0.602704539120359,0.473627542989005
"13298344448",0.225042827020451,0.527457930920453,0.728862361353728
"13298344791",0.206387440578198,0.665854063893137,0.526376897523067
"13298346035",4.59871862797288,2.9677787036333,4.50333640651078
"13298348732",0.920695979801382,0.292918929719398,0.649650687615186
"13298349519",2.50520747329028,2.00402064218129,1.81409648385737
"13298350007",0.343233743300977,0.290832288329943,0.711514352237942
"13298351411",0.879431807893279,0.54643775738505,1.00571407471412
"13298352347",0.327334245136242,0.729793578471957,0.354193064591463
"13298354384",0.491898449809305,0.522478457540698,0.39156994001235
"13298354546",0.489797752620954,0.309767425421259,0.642910659926108
"13298357032",0.727438278258626,0.711870164791328,1.33717691532323
"13298357450",1.2200407497979,1.43700959504457,1.69546482995165
"13298358018",0.289680851310868,0.9196743947776,1.07888004021254
"13298358468",2.01006329113564,3.48677685917947,2.59949806652994
"13298358787",0.892962818925806,1.07836106515452,0.941078577292438
"13298359421",1.08360901061384,0.87003001151342,0.866267582870905
"13298359805",0.88464955118797,2.24582475398858,1.3758845734771
"13298359967",0.597068196810655,0.985484335933204,0.902536876111504
"13298360878",0.284560139018921,0.375008574374792,0.375566034716376
"13298361871",0.706041928235365,0.395108941526154,0.224813292439247
"13298362717",0.95920067720688,3.73840410544452,1.52153369782757
"13298364593",0.175268021793306,0.211627130857696,0.271992991043851
"13298365057",0.98572788776248,0.474804123853553,0.663403145135531
"13298365925",0.855451411907072,0.281393902156572,0.6483823752156
"13298365994",0.320329411734074,0.328272454616544,0.950995794050996
"13298366033",0.27229127242539,0.312682152739814,0.187510551882595
"13298366930",1.36964572975284,3.84457050095999,2.13402315221726
"13298367615",1.81209416196288,1.98193220176196,1.22615282773015
"13298367887",0.167190067416863,0.171346845742418,0.310459985259183
"13298369041",3.79218856097594,3.9342658380658,2.88871010624754
"13298369280",0.612090446802264,0.496349462406863,0.406511416676309
"13298370255",0.531601973762645,0.536711266569551,0.35010099339734
"13298371572",0.666434902813053,2.66971851602823,1.36063065355881
"13298373166",0.585291776965415,0.836568164717275,0.721350190977369
"13298373208",0.88824522042158,0.372223683185897,0.435657362371916
"13298374492",1.79626743931162,2.11313252663074,1.86079293238143
"13298375816",2.03566382548794,0.801893466132461,1.23727959176064
"13298375836",0.517743117827077,0.767635722735292,0.464228778663706
"13298378687",0.401131422683087,0.200221999336147,0.195963566150789
"13298378920",3.62631935788378,0.956100873996677,1.52873799056287
"13298381646",0.441093606287351,0.109705737777457,0.378278808259683
"13298382761",3.38159767071251,2.13158881881748,2.54311676097823
"13298382818",4.59871862797288,2.29856174250969,2.59106100404768
"13298383319",0.204045756152969,0.511294762824498,0.562662567633901
"13298385667",0.543433155895944,1.63461096092628,0.607665029823133
"13298387488",0.84382836821101,0.510564524063126,0.662222136414293
"13298389725",0.349684645003355,0.52655178815146,0.48416116047387
"13298389932",1.61667787907627,3.9342658380658,4.8420101487945
"13298391237",0.170290265832899,0.0950329448456941,0.502505332758079
"13298392342",0.188462455790492,0.369727544599835,0.658451598577065
"13298392996",0.496046603864751,0.145647624954831,0.352708151868026
"13298393581",0.205302852900047,0.412348194485364,0.537962722307874
"13298394695",0.130906058507902,0.266451615658265,0.319879576678369
"13298394765",0.790914909673804,0.295812943164284,0.517682046411212
"13298396696",1.42963785626906,1.62576882017431,3.50514433610961
"13298396789",0.353784098158667,0.359640173127019,0.759499546730659
"13298398706",0.239840568994579,0.349896611702883,0.474625419413012
"13298399348",0.195432310872647,0.421974335782173,0.296252766548496
"13298399536",0.456415429698775,1.00919971355726,0.922989045359916
"13298399716",0.659789201243169,0.512978288566492,0.628076079266847
"13298400258",0.531601973762645,0.609950924698558,0.390660144541815
"13298400274",0.645833020863545,1.10050581513142,1.14467378973853
"13298400518",1.31117783016872,0.587836026194793,1.0846508490905
"13298400605",0.291359639043112,0.789615713009829,0.47459409685814
"13298400874",0.582245466032437,0.263336540852312,0.553776699810693
"13298402760",0.811221746113837,0.765631047254969,0.655294893257093
"13298403524",0.58089713165468,0.718339038836695,0.550799327450574
"13298404685",0.433255987979533,0.349759843839684,0.345460374312928
"13298404827",0.495396766087098,0.251200683558698,0.621339063655071
"13298405602",0.373222416458002,0.32334655341605,0.531703925320541
"13298406090",0.221069442810622,0.62218467311801,1.03927462884934
"13298406489",0.430465796656086,0.263390237201715,0.378541278933484
"13298407180",0.278347799414458,0.984678831780219,0.729665581503269
"13298407926",1.30261623047777,1.9064829484197,1.9737893335589
"13298408854",1.02565392491424,0.829346233327443,0.581150521984449
"13298411251",0.672248332045772,0.107167923563025,0.333568494303225
"13298412210",0.207062700123511,0.371222503243637,0.28122967271561
"13298412510",1.21948885463506,1.05234208168222,1.50647839219301
"13298412798",0.350639215770117,0.236505429572984,0.249467191301662
"13298412799",0.630035309017654,0.721699752209279,0.523001188216843
"13298413327",0.565774153793963,0.181038189146545,0.815503465855189
"13298413482",4.54569095310251,1.75977790246128,3.3329364613314
"13298414740",1.25678008592709,1.07024476637056,1.36584881008028
"13298415303",0.390088906876446,0.78783855613593,0.98741882858545
"13298416063",0.54869267778957,0.433876420037953,0.276511492925804
"13298416600",3.4800603620629,2.41974534202003,2.4715609510472
"13298416653",1.27297464964221,3.50157515469045,2.49884061571639
"13298417224",0.306800960579008,0.474706125455433,0.490289781088732
"13298417942",2.87241676486049,NA,NA
"13298418629",0.551010969749128,1.00074373601606,0.444776292309388
"13298418955",0.500135323002432,0.159648457545729,0.238628639342756
"13298421992",1.33294206816352,1.30111347168098,1.35242817112446
"13298422160",1.41232639495482,1.64487150568766,0.953994628317404
"13298422904",1.4044966808874,0.778844531891775,1.35598126827831
"13298423930",0.29621660685492,0.336616769494832,0.278008773451747
"13298424330",2.87241676486049,NA,NA
"13298424398",0.425382431697282,0.500730618495642,0.218227246520618
"13298424860",0.466745647135926,0.621986830987793,0.463562243752379
"13298425023",4.59871862797288,5.69490412110946,4.59197079008822
"13298425209",0.371873362713023,0.278916333672541,0.413042467456604
"13298425656",0.119534610016062,0.315597097268963,0.311583620436837
"13298425990",1.11496149504128,0.441283826197104,0.749259874486531
"13298426270",0.205353829599408,0.486741968251899,0.390475492427351
"13298426508",0.529795473746662,0.906223379194505,0.69001575007882
"13298427887",0.437150483106212,1.21300032579031,0.617324263744383
"13298428616",0.496296969973038,0.357223464694639,0.537365980293788
"13298430053",0.496248350806753,0.4610448912943,0.464021583296191
"13298434692",0.802897082594083,1.39267733916878,0.518537816741097
"13298435877",0.660251073877299,0.212683027151413,0.690163128322889
"13298436075",0.161590329025199,0.343326807703021,0.485563656363979
"13298436221",0.89131098254366,0.476705701806111,0.841102857315849
"13298437185",3.63080309669519,2.79434117180117,2.41828920781608
"13298438739",1.50917553787555,2.19710248986117,1.24334489771876
"13298438748",0.199703760005404,0.656101401583814,0.547091137910209
"13298439308",0.760424004156307,0.331125684155112,0.497458093009227
"13298441104",1.43570461838471,2.31110737179071,1.2796997533698
"13298441432",1.06364000103798,1.21323136952766,0.618854184421799
"13298442126",0.418747043034325,0.646419534055771,0.895369290560086
"13298444538",1.42378312539829,0.594958413988879,0.623210434194197
"13298444997",0.483347317011751,1.58422735444061,1.76656310032135
"13298445002",0.98484347118938,0.72968074791824,0.750939364548734
"13298445344",1.61138619730553,1.54659487831306,1.12888712337519
"13298446121",0.371873362713023,0.279924576552653,0.258894796222311
"13298446254",2.84362360061513,1.17855748701031,1.04180016779874
"13298447716",0.449817475853697,0.354456610654026,0.338587548183681
"13298447781",0.249419767708249,0.679897250029685,0.609831275193174
"13298448297",1.30037405758175,0.76071990561974,1.02630301317896
"13298449620",1.9497298280273,3.82468393725292,2.27711088575665
"13298450649",0.725305268123716,0.487222023463356,1.06217897685853
"13298452980",0.755851529698411,0.956822158678852,1.02759977626764
"13298453109",1.23765005290095,3.25892564260966,0.994651102153969
"13298453661",1.1052258469688,1.16903285971407,0.646803510245535
"13298454833",0.43896768882881,0.0610500899061411,0.177220428527102
"13298455118",3.84640410594749,1.70403025651019,3.15216188957102
"13298455353",0.757849213101366,0.87658580590409,1.10722403504199
"13298455695",3.43667229362686,1.99309286314769,2.27393074179322
"13298456876",3.29332876284555,4.99105352051023,2.63593745538744
"13298457655",0.730443058252822,0.505635434356567,1.56627341510483
"13298459271",0.238869865789736,0.237300017769716,0.256671181829066
"13298460699",0.337834154621515,0.90222174614477,0.84216958082414
"13298461279",0.483347317011751,0.212253733123536,0.155245950040811
"13298462711",1.36367195284302,0.423473161545474,0.46210804583299
"13298462854",0.409594222505778,0.511596843337464,0.410247401066514
"13298463352",0.811904990115497,0.49638245815387,0.667081122434482
"13298464153",1.81521169127541,0.772628056018096,0.723113546607199
"13298464957",2.62620234588257,2.00033371433054,1.97954946760925
"13298466367",0.252687649020005,0.348381154528439,0.395144833010626
"13298466433",1.55800626650708,1.28601080642919,0.937794425028138
"13298467624",0.46570742182688,0.683584071995861,0.810521648923059
"13298467757",0.441934359155874,0.552099200339212,0.290025605915656
"13298468158",4.59871862797288,4.74424246028196,4.37268932655634
"13298468235",0.256330763723419,0.319418318047199,0.387644762090464
"13298468454",NA,NA,NA
"13298468750",0.274826476415579,0.222432353179531,0.503124347733329
"13298469616",1.43993139204266,1.95293045831025,1.29458977806027
"13298469992",0.872185059398327,2.15308882480526,0.418786818104739
"13298471583",0.571377593107471,0.658672056813157,0.608442077195953
"13298472033",0.320429215966774,0.499257631244025,0.512621520710497
"13298473608",1.75999080434147,1.0318427085517,0.84987597730736
"13298473936",1.03472776323224,0.549934114387812,0.424529548010295
"13298474405",0.464847213392998,0.333296253355335,0.158659781689823
"13298476247",6.4240257948046,NA,NA
"13298476446",0.890064413666583,0.570764814397167,1.16106080158114
"13298476544",0.499341535262132,0.85375021042822,0.566460639307665
"13298476640",0.549036834609759,2.09025692358254,0.936278173765031
"13298477761",0.337895678690563,0.643380420341516,0.410859536838039
"13298477877",3.26391669783983,2.46781688040644,1.25768816933543
"13298478322",0.133933245429597,0.103369082811183,0.180679704348197
"13298478692",0.375537733326524,0.533607094726101,0.280407137361646
"13298478863",0.744006107354213,0.646620295466403,0.553531282326255
"13298479085",0.253547157843262,0.393823230012803,0.515633684258893
"13298479693",1.86941691023602,2.1418049023472,2.103045962749
"13298479920",0.647153678580835,0.312596773550712,0.447734986220542
"13298480768",0.248307191162018,0.282260045755685,0.271155248437311
"13298481115",0.782267541551794,0.650581861407059,0.767025789087677
"13298481465",0.866659854177284,1.23009873095673,0.565009009712862
"13298484092",2.02237786820272,3.44181303165747,4.00734319890144
"13298484200",0.585291776965415,0.536705989175419,0.445604153546631
"13298484782",0.216362711973547,0.58919516479101,0.538835290485592
"13298485300",1.43289842902955,0.362954500112063,0.861203497311723
"13298485829",4.59871862797288,3.15214702506182,2.64315261600741
"13298487032",0.381560605701966,0.427203801234736,0.336289877299327
"13298487461",0.184279810553848,0.539819962534672,0.568597475333915
"13298487635",0.560825758306401,0.582110905428804,0.688277835601774
"13298488363",1.1672736476111,1.09199195948645,1.78718425790539
"13298488543",1.25364479989957,1.3949787845628,3.94934153864052
"13298488802",0.6470300849842,1.47028224118947,1.07080736474045
"13298489849",0.339718666614729,1.16734837850889,1.1714083075027
"13298491050",0.616581524422287,0.217975281835133,0.728313018802493
"13298492009",1.47564411357869,1.62518667779221,1.33596039072411
"13298493472",0.533969434792097,1.08283260773384,0.543642152311168
"13298495281",0.548625178978009,0.68737395079468,0.906525707913434
"13298496681",0.57106210897726,0.799460445319884,0.587928676343099
"13298496780",0.227983074389325,0.389050210944822,0.3196779378488
"13298497089",2.21714002591816,2.78432390149225,1.90853680188141
"13298497216",1.24405344686866,0.810388880010012,0.64753945292233
"13298497366",2.21484642525867,1.71915748484637,1.38889018100713
"13298497396",0.612793929783778,0.719280502931189,1.30163146575892
"13298497844",0.334977832949383,0.525433450305161,0.582344912801604
"13298498766",2.64413155398831,3.38326510872866,1.67284436718838
"13298499044",0.468044325710826,0.611602534036443,0.490028672538404
"13298499061",0.320956024670121,0.413440547999295,0.279668954944065
"13298500244",0.404947223480055,0.252698225305621,0.497843834425314
"13298500657",0.951584455886187,2.15699506251809,1.78277226722335
"13298502604",0.351592681912169,0.385900700842804,0.720749108409421
"13298502639",2.8431038340904,3.41322350719739,2.15144175716167
"13298503037",0.782168846732083,0.795282449106158,0.839767015285511
"13298504313",1.00066200525487,0.851179363292735,0.653155765630185
"13298504539",1.39928922264115,1.04460297924633,1.48143884172793
"13298504816",0.256903980953536,0.459776969376807,0.56599157097576
"13298505434",0.920396696805102,1.23193552713084,1.219798110088
"13298508208",0.161348790669248,0.430663945200493,0.382128231728954
"13298508267",1.65215807571627,0.872875086938014,1.05455785286989
"13298510058",0.702113256372469,0.538694235812509,0.16630884309797
"13298513196",0.610257559785745,0.492096272910453,0.29369438277882
"13298513700",0.711179010770051,0.403745316516369,0.543668149317404
"13298514003",0.58454532161819,0.82527009044858,0.938107435919369
"13298515036",0.307287449758828,0.418661712336168,0.55756629874642
"13298515917",0.136505990812668,0.37241236994569,0.337286466846868
"13298517244",0.311683668658227,0.262663630127073,0.197722577847955
"13298518236",0.374417002437233,0.611347550876764,0.421529204248514
"13298518548",0.332713629296743,0.695569982700407,0.557661130346931
"13298519922",0.549152672139481,0.434073063936165,0.327488746290775
"13298520157",3.52991413993529,2.62886164912883,2.24842481595004
"13298520917",0.434375843616437,0.695141790740007,0.625998752847436
"13298522112",0.653713437745789,0.569828152812867,0.958386012431224
"13298522517",0.508148204020075,0.981215025180451,0.484120717010204
"13298524399",0.522272301951961,0.777129061317155,0.746405625085088
"13298525514",0.810704933167949,1.52616528141055,1.1615575564124
"13298525530",0.309097494101422,0.506892593869778,0.840828433164652
"13298526226",0.995684140254214,0.969464260055307,1.48378942639646
"13298531423",0.165738934985989,0.631096233175663,0.606723064288452
"13298531538",0.413204835257391,0.355552566728763,0.216257509599706
"13298531731",1.50917553787555,2.19710248986117,1.24334489771876
"13298533165",0.272751686096995,0.407612650650705,0.62994009949064
"13298533991",0.436100300812387,0.618376898350759,0.391254827161121
"13298534202",0.461606012049143,0.751742372438386,0.424364523089421
"13298535487",0.378821055154885,0.520845275891712,0.740513696037921
"13298535609",1.96033495813278,2.72184727354229,5.17117743525395
"13298535763",1.01675965217486,0.738708030996681,0.849592930188236
"13298535925",0.272967125402854,0.22835653905475,0.152687078962724
"13298536244",0.34079607580973,0.968220975187594,2.14289444533942
"13298537460",0.503574526159781,0.91013964900446,0.719293861501466
"13298537703",1.47464307831631,1.30947185413387,1.41475679275899
"13298537829",1.31783355063235,2.8725849083593,3.46206366554893
"13298539024",0.522765097258719,0.10118108671256,0.304606285496182
"13298539687",1.69677440817185,1.89694245338296,1.82779633026003
"13298540741",2.58212119496685,3.83538158765773,4.42765481667327
"13298540910",0.549235363172263,0.652403469838344,0.439846705224451
"13298542263",0.212097193396972,2.23535858939778,3.51094487866732
"13298543386",0.321711400140963,0.214285344696114,0.540902210115887
"13298544054",0.462575797961101,0.390765412111843,0.349160536059688
"13298544468",1.44046444310067,0.749380854017284,1.51031413969029
"13298546954",1.02151352013459,0.980534452904971,0.695617527270643
"13298546998",0.515182352172823,0.485220305490255,0.446648731838146
"13298547013",0.411929600679094,0.318004970160253,0.554501556758144
"13298547983",4.14820434604917,3.60639243174863,5.21033140115827
"13298548039",1.74475224399428,1.23874782754016,1.45071121441244
"13298548616",0.256330763723419,0.319418318047199,0.387644762090464
"13298549331",0.896815434803719,0.909629994594401,0.510371477415244
"13298551111",0.907557985022499,0.795566392322354,0.778207673020485
"13298551215",0.330597588485496,1.25729633033463,0.553450305935542
"13298552315",0.387993105981483,1.17659108525092,1.55360408105319
"13298553247",1.01463552381861,0.617922575544417,0.889775801220004
"13298553267",1.12319213679142,0.714785549637615,1.1639324864222
"13298553978",0.250175012038155,0.247053795988232,0.245735579651577
"13298555524",0.585291776965415,0.641388300533024,0.466647159034337
"13298556406",0.389913759739565,0.276833562735156,0.278097890743645
"13298556641",0.467581342191636,1.13322875808561,0.724247186793028
"13298556654",0.235975739286973,0.417717513872196,0.894293136071325
"13298557234",0.288285333902615,0.135811913261872,0.24387956650027
"13298557239",1.50334956021672,1.09467278363921,1.06222418696442
"13298557753",0.802998441671023,0.929972697628856,0.740651488997437
"13298558354",0.757015924378838,1.32816026158063,1.45042126102687
"13298558663",0.912204293484328,1.66329553884805,1.42224383180618
"13298558665",0.386379404459715,0.17940674661069,0.908854060242432
"13298560538",4.59871862797288,3.12960341356469,3.50321489869031
"13298563053",0.318846880815378,0.424168232470688,0.646130759665238
"13298565187",4.59871862797288,4.25789486955993,2.22791514573969
"13298565958",0.573377138700741,0.28990446313706,0.458484754249927
"13298566238",4.59871862797288,4.03945471796474,3.04922835316098
"13298566968",0.633110135235361,1.05589598562832,0.779639259583301
"13298568379",0.462575797961101,0.493590860427983,0.569666832735232
"13298569150",1.54938423504937,1.79788758796959,1.47738471558374
"13298569389",0.188294145401162,0.0960912050991015,0.160712802332563
"13298569720",0.624398257824142,0.965599768102126,0.582297951825422
"13298570027",0.395629280428396,0.340728132626431,0.241862592360854
"13298570449",0.965258644876843,0.420022601480403,0.614087751322955
"13298571468",1.42566515961097,1.37344672799244,2.0822892182612
"13298573081",0.868082116787423,0.397270430694978,0.71121566321171
"13298575483",0.35185764993025,0.50976981222846,0.270863759314813
"13298575507",1.26593901397178,0.387215682632194,0.716120126746544
"13298575540",0.296415396706735,0.5421815139904,0.691301740061111
"13298575574",0.725496226479223,0.48220388038628,0.57500146305653
"13298576723",1.85365351414542,1.33942272006551,1.09404471309986
"13298577423",0.595605802309454,0.991909609211936,1.06307411952726
"13298577503",0.986317991268713,0.529966285133097,0.696763748831492
"13298578020",1.95798125029801,0.941370202858916,1.86524978219665
"13298580403",0.246654682093361,0.421347398338733,0.652018455770922
"13298582336",1.73211313317744,0.597138901630108,1.42919216383619
"13298583039",0.495074066784409,0.871999771950483,0.718813262843497
"13298583622",0.510350571302152,1.76411970682084,1.5196463653916
"13298583837",0.214087591727723,0.223140791693989,0.417628148537651
"13298587436",0.655277900569031,0.784570567523934,0.576058475107989
"13298587714",0.854904240732615,0.196621271337001,0.329692098706807
"13298588060",0.276966147349628,0.253446347220665,0.324691724775813
"13298589325",0.35393588944238,0.930809348353139,1.02730358367929
"13298590016",0.922971506814944,0.240228573117046,0.404587417744019
"13298590068",0.401958104011174,0.356326585253862,0.42660387789182
"13298590868",0.345240808225592,0.346370122659985,0.951053753867919
"13298590901",0.660027908376021,0.622792202834287,1.12382317153795
"13298594353",0.921507761446787,1.43099546723895,1.57758145905076
"13298596340",3.05447457290144,1.51695655125052,1.55229985606241
"13298596449",1.069567293627,0.887678229885927,0.725582815090985
"13298596510",0.436617981032021,0.432559278932882,0.424790546508058
"13298597250",1.41197503672552,4.12229693997039,1.13028876975329
"13298597732",0.740210070044593,1.50178230868394,0.90312003390019
"13298598295",0.507375982251642,0.0526006411354518,0.108629886205986
"13298598824",1.55825228121895,1.05592658534168,1.15797784995566
"13298599495",0.389913759739565,0.660786513181258,0.574730040603183
"13298600278",2.07329678534888,1.25574688483886,1.43065171685783
"13298600783",0.685996929630284,0.93203308128553,0.310661831855885
"13298601045",0.644207739331026,0.673161726648645,0.41556273532743
"13298602578",0.350853460551732,0.753222021055425,0.250327811566155
"13298602688",0.620897654485982,0.952322886399384,2.49688982102853
"13298603649",0.573708370750271,1.71400370746803,0.546674530424262
"13298604136",0.583754018437144,0.90818900232903,1.0529775042979
"13298604737",0.529831606833073,0.416394999622715,0.489318520044299
"13298604807",0.911428454933243,0.642386812250832,0.664941854441177
"13298605510",0.561951737615944,0.316182430035923,0.199622638779725
"13298605674",0.798487692713622,0.542953828943913,0.762057234023768
"13298606356",0.135050200192933,0.0873027737287205,0.215145332415869
"13298607644",1.13679265710456,3.54755958966042,1.86632229352196
"13298610001",0.126983695895608,0.278904510765421,0.257132277607651
"13298610299",0.380133487351328,0.3710145109347,0.303138782491927
"13298611701",0.518873826017023,0.472113311265426,0.36172348964992
"13298612528",0.884746957151956,0.448597249634026,0.578429752503997
"13298613194",0.345142406893043,0.233906397407612,0.280136943891737
"13298613273",0.394492350334684,0.876549054015107,0.668512205434177
"13298617730",1.54926650670632,1.15702663852635,2.03972628790648
"13298618065",0.908167023256323,0.508419248591889,1.31514940354113
"13298618444",0.394877410617528,0.321678213079472,0.505062392289259
"13298619262",0.172044561765465,0.195308807742983,0.214345805579011
"13298619478",0.729441691731429,0.0831021943141581,0.40701584385429
"13298619590",2.33019953809064,1.14116826104501,2.09573840488174
"13298619608",0.61040526534369,0.691427584068799,0.555749888839232
"13298620306",10.6114194931811,NA,NA
"13298622671",1.13892641280652,1.24719832147671,1.69263535607236
"13298625299",1.08222803098492,0.859353002695472,1.17726040580694
"13298628218",0.748076466878478,0.676198216069144,1.40731246011517
"13298630084",2.53910838414914,0.766332215126414,1.53773525323411
"13298630492",0.378304402659344,0.455346165810773,0.309003449901999
"13298632157",0.275165536921319,0.35798713031579,0.572092785477754
"13298632361",0.349826538529108,0.217368528737575,0.240800229349353
"13298632947",0.252020975353841,0.476303909696101,0.48484163603979
"13298633062",1.91775819299602,3.89050270268157,4.42134879578783
"13298633749",0.327854429157388,0.0856119987195854,0.320182108478207
"13298633976",0.272967125402854,0.334642358717594,0.170753491852538
"13298636469",0.119534610016062,0.131921305658827,0.423585970951359
"13298638906",0.435489777844856,0.43727464350889,0.562578559563031
"13298639710",0.257514622033008,0.459690374725689,0.352438045949023
"13298641186",0.644624995523932,0.448372314073269,0.469197869550502
"13298641379",0.546061834861788,1.76367461772687,1.41043813086076
"13298641453",0.381981186839561,0.648362340633483,1.04365928008199
"13298641457",0.644126787437284,0.561435324491888,0.511842793995643
"13298641836",0.441934359155874,0.49631758014154,0.265592856658695
"13298642248",0.1359293206196,0.241186108696187,0.35410843017159
"13298643218",0.479030795299396,0.640182328157274,0.892335312219081
"13298644593",0.998064180110682,0.926037649923849,1.07897723857575
"13298644731",0.451356103951798,1.17524369514099,1.2833118461643
"13298645191",1.3316464466881,1.23912148828293,0.438297416486909
"13298645358",0.252687649020005,0.646744589539428,0.56282815306985
"13298645608",0.218117697002649,0.379398226172428,0.535261905046478
"13298646984",0.256066339964009,0.526758326729336,0.760559624705121
"13298647145",1.4156383968313,1.36628557224972,0.829302827659548
"13298649783",2.30007379278678,1.33845073200957,0.82114563308937
"13298649814",0.616085962279218,0.369374199558286,0.675659551189525
"13298651055",0.920695979801382,1.48775320661033,0.62856359678065
"13298651345",1.1672736476111,0.550058577104899,0.675451882535079
"13298652861",0.790346326432526,1.32282460361972,2.03932334570183
"13298653573",1.72193466053489,3.0261349053195,2.02029691173216
"13298653884",0.847549234877568,0.859327864154872,2.0957699661302
"13298654359",0.891069454617845,0.869126587365652,1.33557557832798
"13298654418",0.183838511414223,0.785700434874989,0.634643777804163
"13298654625",0.366980302785438,0.784947917608353,0.732641743603239
"13298655275",0.833322189000698,1.63801570180726,1.04031355435313
"13298656647",1.16061848338893,0.645423580578663,0.840472434488071
"13298657904",0.119534610016062,0.131921305658827,0.423585970951359
"13298657912",0.754549925006629,0.596853951579153,0.404461182681976
"13298658143",0.596334362185793,0.561772868823427,0.760780467054093
"13298658505",2.23850771184831,1.21967473635509,0.851924425636458
"13298658754",0.256330763723419,0.319418318047199,0.387644762090464
"13298659419",0.847549280620635,0.398439411483768,0.808537597570251
"13298659785",0.482051512178318,0.684264250249888,0.599060602978777
"13298659808",1.59614835961477,2.11574069921274,0.810230211811299
"13298660491",1.19178814838525,1.24087091097247,0.814348907189585
"13298660794",0.513971883776528,0.633832372985331,0.590625988087775
"13298661280",0.143622848574774,0.251758463110884,0.2360559822103
"13298662242",0.563160591066347,0.464004489060522,0.457635186339592
"13298663284",0.323990314302779,0.338168423741279,1.05949692722261
"13298665950",3.30753385727715,1.25287597118457,2.62347136411452
"13298666382",0.203808132728731,0.483331298154487,1.02502663154069
"13298666802",0.571377593107471,0.355676262553356,0.365232899333352
"13298669699",1.87122782295662,3.00767758059427,1.30358272917515
"13298669947",1.0970091999114,0.744715478485134,0.596339847951078
"13298670016",0.271487642500593,0.440925650038118,0.609942717944335
"13298670077",0.365269382456871,0.167002788751987,0.119887802819412
"13298670606",1.2629757654195,2.5806847234996,1.43466456948362
"13298670934",0.42357523050733,0.299617894662639,0.452195346314667
"13298671333",0.43059110461969,0.409910967507474,0.552901780659587
"13298671880",0.516609178225799,0.472534206340476,0.381407117746466
"13298672068",0.253547157843262,0.42521055757009,0.485779103352466
"13298674369",1.26117086699446,2.22242820580165,1.40128171831093
"13298675155",0.412763656520392,0.370503387785383,0.585976575928667
"13298678569",0.879581998965453,0.495456060861579,0.497878422388334
"13298679131",2.39843097031554,3.70629448523295,1.94720150125005
"13298679531",1.95799930739371,1.69511027459951,0.888715789177289
"13298679850",0.499839728369757,0.52019428509715,0.483300193478446
"13298680049",1.44378766005844,1.82905759954302,1.75711815048657
"13298681111",0.403882330987395,0.189453034706018,0.705950825924175
"13298681480",1.10300773462815,0.390545358720737,0.784001000222354
"13298681997",1.19058190145804,1.35049866643755,1.48061928960735
"13298682442",1.70532825604511,0.622623819623537,1.23512953925597
"13298683535",2.18977189513913,0.720698720585862,0.847664184968726
"13298684544",1.00980518612722,0.376393820535689,0.615880079715303
"13298685541",0.737705030592929,0.701101552646956,0.910614243722143
"13298685685",0.661150622846294,0.604802622803813,0.313491113823234
"13298686061",0.332264790107733,0.663771874368905,0.694000650770291
"13298687021",0.784838696402249,1.94486086460231,0.530180436775439
"13298687262",3.09091594750524,1.51094134638763,1.69655885579964
"13298687612",0.854526338433275,0.96911587498856,0.458599868878942
"13298688211",0.430299252026245,0.235675438095604,0.245456459248436
"13298689446",0.97867870808214,0.833767497057219,1.46851620894311
"13298690169",0.818985605754174,0.362343913252842,1.10849398352329
"13298691099",0.554432045999431,1.77551489756526,2.20062956369394
"13298693807",0.574975829319483,0.353195875277023,0.298330836336953
"13298694601",2.11183788742487,1.6462402301904,1.01593258602741
"13298696982",0.652126830066328,0.442949743951522,0.52877972539845
"13298699627",1.2880768772209,0.725344806236122,0.852190849161597
"13298699791",0.658185106317136,1.19433033055135,0.995901197389418
"13298700412",0.233813856213568,0.470279239213311,0.559004958956671
"13298701219",0.740210070044593,0.834882396335987,1.59226422304816
"13298701657",0.207062700123511,0.499738347617446,0.364000363328017
"13298701961",1.44152598647951,1.15493144425483,0.897373920962858
"13298702308",0.880250275408951,0.350257153081163,0.37800290053761
"13298702882",2.10779709042266,1.69871709243628,2.36537308198978
"13298703011",3.39227780833905,NA,NA
"13298704370",0.390194632230542,0.47572016519224,2.33098062753057
"13298704415",0.604691510806394,0.151717721528749,0.31027311672432
"13298704529",0.475753905686166,0.383232105004025,0.400455410042615
"13298705977",0.581606199281657,0.37855700454718,0.769682247758228
"13298706093",0.416422134316249,0.588182840157491,0.611518491978658
"13298708500",1.48046565115258,1.38148489484522,1.35609642045317
"13298708516",2.05461351778834,0.681156461784695,0.515939137259278
"13298710215",2.6052288319348,1.52215180063251,2.78378419838045
"13298710871",0.504770257134351,3.52110420048181,0.571056999453861
"13298711401",1.25690281497724,0.46745153210664,0.530317938476987
"13298711513",0.466745647135926,0.616451557049348,0.410989339638453
"13298713262",1.35325883614169,2.27178672178087,1.39467353125359
"13298713523",0.264988490922805,0.309275525184339,0.726184062475433
"13298713541",2.29278440975402,2.19205860331054,1.26580707854982
"13298714556",0.236272025298521,0.230179784070458,0.820896482541226
"13298714804",0.81458674003179,1.59205399460253,0.973926886552759
"13298715376",1.22512303225443,2.73316904571268,1.89371812916359
"13298715467",0.320210456612453,0.345530408468218,0.284393331625073
"13298715935",0.878245493830249,1.62956244592142,0.845982890846081
"13298715937",0.926066474274056,0.564046610968821,0.541312410612388
"13298717576",0.73325653697445,0.599803291379256,1.22781271768576
"13298717711",1.20845527078121,0.357818806556675,0.946139852771064
"13298717730",0.647374163373195,0.741422497807704,0.762616308376686
"13298718538",1.9857532887312,2.57528359200369,1.68801661993533
"13298720149",0.805644001193237,0.757702344952462,0.818080418248733
"13298720187",0.983282021193333,0.286382012404902,0.303035673969094
"13298720196",2.74994486083043,1.71866630191865,2.32942084270434
"13298720856",0.647374163373195,1.28639831536143,1.38015256122999
"13298721526",0.982348945637336,0.587000891645609,0.953354000933736
"13298721748",1.0671151625054,0.769683768078078,0.887921824342927
"13298722404",0.62560508131742,0.0773665496635442,0.231312404757975
"13298723822",0.282812269425273,0.623242224461205,0.722530884885649
"13298724573",0.929865608518048,1.12225349243576,1.08193548486225
"13298724907",0.992263112481928,1.93379523463817,1.47249309030685
"13298726039",2.80025926509831,4.16427942426066,4.88081181518339
"13298726136",0.428488419264892,0.835688583965265,1.01787924031742
"13298727052",0.465357264149003,0.464608117738404,0.715532148499305
"13298727106",0.740210070044593,1.07543474938751,0.79092753679361
"13298727736",0.89067630955625,0.537275765851729,0.647008818023669
"13298728894",1.13892641280652,1.57446024663446,1.45861619114171
"13298731872",0.450867476303793,0.64021016963428,0.568623388849648
"13298732818",0.730327854820406,1.00825449672292,0.456094343297221
"13298733365",1.67534438536039,0.484380385934578,0.519287403623528
"13298733929",0.373781783089455,0.35853455439992,0.555120062780911
"13298736152",0.414215877422431,0.512103186137704,0.505796556589272
"13298736306",2.58862183519582,2.15250788044748,1.48584897839446
"13298736876",0.650223471703302,0.684588029510591,0.399101929011433
"13298736921",1.41672923299219,0.364999228717504,0.526885756534741
"13298737327",0.590749851368602,0.492371645874016,0.462539876813365
"13298737334",3.10989632145463,1.2570137316816,1.7256141004927
"13298737591",0.744378900094392,0.933736336621426,0.547449994090415
"13298737994",1.83318218200878,1.31962853506675,1.94315401482996
"13298739592",1.55800626650708,1.18798828180234,1.10785793197807
"13298739772",0.659789201243169,0.797821039145092,0.951246985816095
"13298739945",0.6470300849842,0.928251626861446,0.786058054553352
"13298739984",0.844611660102698,0.460791624083165,0.94031885533439
"13298740150",1.92018268517031,2.6921257750851,2.11355464476248
"13298740659",0.664569961614721,0.820659687419643,0.794580948538842
"13298740713",4.0495613905761,5.69490412110946,3.63902928537563
"13298740929",0.94958989579501,0.438083988023676,0.782489042930815
"13298741482",0.456715063543769,1.46426505496163,1.0124333618701
"13298744352",1.42711296671562,1.12251461879689,1.04403075689542
"13298745533",0.47358780126318,0.701433118604579,0.347929838555308
"13298746176",0.552002540975448,2.93467323677183,2.45181881235862
"13298746760",0.382404821821018,0.327789359547128,0.529430087890006
"13298747230",1.52605686077358,1.36529288779504,1.12597634171189
"13298748572",0.201056795804637,0.501610937837516,0.487864842163938
"13298748958",0.441934359155874,0.678201025664351,0.329244736366727
"13298749060",0.484086955455988,0.979798263238835,0.832113416325157
"13298749576",1.19058190145804,1.35049866643755,1.48061928960735
"13298749852",1.42477610779349,0.981270121522517,0.991374585897566
"13298750033",1.14863924404977,1.57210889937993,1.1115850879806
"13298752593",1.43563568788623,1.24092373085428,0.831920844057994
"13298753605",0.354082890958531,0.851824051231967,0.395574632636185
"13298753659",0.664087086629397,0.637704122778337,0.865194445821271
"13298754518",0.285367020950865,0.42460166453198,0.278884315396851
"13298755102",0.400990687949451,0.0716021258973402,0.119030436253952
"13298755934",0.839020935133346,0.411595192911081,0.252694081213376
"13298757346",0.763936869468499,0.726686257956969,0.43875729308568
"13298757386",1.02809675957598,0.659757984535496,0.43853334091825
"13298758440",0.587662983794729,0.498028418001261,1.24052073122737
"13298760070",0.386768964670124,0.753607421321593,0.748629489521871
"13298760467",0.452700653156581,0.63466286268242,0.344810247217541
"13298760795",0.590749851368602,1.1673422009006,1.43350703275112
"13298761890",3.88152160799723,3.37627338393687,3.58016708194135
"13298762183",0.2214219275119,0.2341061252327,0.444734112243858
"13298762616",0.390088906876446,0.669019801470703,0.752916794027063
"13298763104",3.39227780833905,NA,NA
"13298763214",0.515391000797307,0.154586489390235,0.303086482969101
"13298763559",0.428488419264892,0.297570467159761,0.321204195132749
"13298763701",0.470189963505414,0.817513227200668,0.668844202519542
"13298764555",1.09565346097329,0.992059798176547,1.04397097222377
"13298765005",1.39506139804329,0.591230703211582,0.775509193887529
"13298765181",0.955047642878707,0.708744657353687,0.759115420562441
"13298765818",0.562104300799193,0.352063260342836,0.224738445723827
"13298766554",0.466489200915982,0.628562317478367,0.427650275648725
"13298767232",0.612004343255759,1.00374536589423,1.06404804508842
"13298768002",0.7423159218384,0.049976184634599,0.202983386845179
"13298768598",1.4156383968313,1.22974991363488,0.90186103614157
"13298769305",0.344886723074392,0.330659342654299,0.446762724229882
"13298769518",0.416306779980824,0.558749066654934,0.355066824963931
"13298769721",2.17435015103481,2.08551664842772,3.94692036052942
"13298770889",0.895373283842346,0.881157275168284,1.09268976492596
"13298772791",0.438268025666769,0.472510916115859,0.439001954488663
"13298772794",2.27702651555185,0.799084856407947,1.46343882887248
"13298774512",2.40228278449843,1.65345905528923,2.08320136092675
"13298776226",1.49010282171191,2.09714875157031,1.62244929600005
"13298777085",1.3629670689084,2.20769672707385,1.98458375612173
"13298777463",1.39051186125936,1.68455188474665,1.19013495203777
"13298777815",2.53424158004233,0.441899189103744,1.02954938525296
"13298778500",0.546867395169531,0.704481259046073,0.815724036714396
"13298779006",0.616824810398991,0.545843165312691,0.644133724139538
"13298779989",2.80591849326056,2.04969425732354,2.21299520344311
"13298781556",0.711179010770051,0.406242103372525,0.473563304272705
"13298781611",1.59637614154984,3.60962046336684,1.53656536089344
"13298782907",0.641410226852597,0.47871440212978,0.595471893917833
"13298783990",0.695157080732335,0.790450836966392,0.155121592561431
"13298784290",2.22952917972811,1.32303756424643,1.90505848845551
"13298785068",1.0173928928192,0.767072116864186,0.711150827710395
"13298787600",0.695157080732335,0.788144872021241,0.344785190675217
"13298788577",2.870081906326,1.39431868177597,2.34554462185071
"13298788730",0.451079919046987,0.523965397954268,0.487917476935503
"13298790783",0.849635565898117,0.750865299837934,0.903461857942104
"13298791545",0.260335830382166,0.152848363801686,0.246413100126774
"13298792172",0.601147343852745,0.499018415681847,0.422892291587985
"13298792787",1.64633587683433,2.16464874957586,1.49113205375331
"13298793371",0.389430229399014,0.47795394393958,0.649369877080503
"13298793778",0.136072447315988,0.243660655554854,0.21675400823624
"13298795567",1.1279439433821,2.38770056712202,1.26332565904506
"13298795905",0.935344527311358,2.5149707583372,1.03283604757683
"13298796125",0.332264790107733,0.235148369524804,0.397422488008774
"13298796412",0.311682131160765,0.343326807703021,0.485563656363979
"13298796576",1.18485114592989,1.612821487173,1.08982428980522
"13298798134",1.14579088608644,1.00273682114401,1.50109770056225
"13298798196",1.18971633536897,0.496610999262702,0.893218012323252
"13298798876",1.54938423504937,1.19937163191352,1.79841756275194
"13298799093",0.784606364380907,4.5887507926191,1.38086244170978
"13298800720",0.281716194357719,0.521154923228233,0.722496225022717
"13298800924",1.1672736476111,0.98987365027677,0.981796507154273
"13298802570",1.39243986683154,0.723169078608801,1.37685539334003
"13298802812",0.45733851928667,0.706186280714896,0.452287070635495
"13298804001",NA,NA,NA
"13298804082",0.288090037298444,0.407254805808323,0.648691625520352
"13298804239",0.917581799206421,0.685362755140842,2.02078316625642
"13298804716",0.275900227370925,0.423485481893792,0.552504682093667
"13298805586",0.285590685389115,0.220010202275896,0.55635730092228
"13298806464",1.25473318900251,1.72893859990902,1.34538194835988
"13298806504",0.354948068110832,0.155122569463788,0.327523159290493
"13298806623",0.282812269425273,0.238301137011354,0.391032292718312
"13298808787",1.19513147539082,0.665343605949574,0.62812394441084
"13298808899",1.16451121734486,1.43329189811416,1.52596442215505
"13298808954",0.378643065569085,0.48599477335741,0.839771398604328
"13298809238",1.20251860472571,2.3384064487924,2.21725908671153
"13298811170",0.498710160449504,0.527844889129839,0.73142485985264
"13298812590",0.309959968607803,0.89221085566798,1.02699449436802
"13298812617",4.59871862797288,2.60448833727724,3.02892105413054
"13298814278",1.20290560262677,1.11569052578846,1.09112614765647
"13298814497",0.711261710780104,0.642356897431161,0.405584452752865
"13298816014",0.546061834861788,0.587411936584415,0.83483617773883
"13298817220",0.922524213230851,0.749543382250822,1.32707831873281
"13298817424",1.42434834554766,1.65513189563395,1.7162581527625
"13298819684",0.883814503108034,0.640671517271965,0.863428097900168
"13298819889",0.649459150373216,1.66173013521789,0.772468725022344
"13298820615",0.395014655449224,0.614169428284388,0.635718206929797
"13298820660",2.22331155145119,3.61042228664368,3.56610803669878
"13298821396",0.833431485036062,0.499077903159096,0.672880506827613
"13298821492",0.815648973808362,0.542425539035143,1.42286197828928
"13298824482",0.571209953782375,0.474155724566111,0.55369985939211
"13298825181",0.624544876604197,1.43719629835474,0.816467186893093
"13298825747",0.611856052127093,0.894371570425988,0.750493314910684
"13298826646",0.945622258905361,1.05842617331857,1.23645693140418
"13298826814",0.740210070044593,0.385567792487365,0.925874686987831
"13298828459",1.3733364499674,0.360183809528152,0.997222681868662
"13298829604",0.273218477903734,1.13036315150602,0.758780070113635
"13298831441",0.902447223711324,1.802040361648,0.953423209379103
"13298832022",0.324840742058938,0.478821110518735,0.515809576598175
"13298833163",0.453869069009668,0.423183439356037,0.781835740212262
"13298833261",0.378304402659344,0.693145586594996,0.409132126355465
"13298833264",0.83521318260412,0.944663571475015,1.61948977039389
"13298834065",0.339841799036975,0.588415004571255,0.677463059074481
"13298834900",3.09272110801748,1.26546655809539,1.85886421259117
"13298835476",1.91112628043198,0.766285774183611,0.822075408048272
"13298835977",1.92894702819896,0.88873487540391,1.906918147466
"13298836673",0.24300261369146,0.653986067179915,0.667155339720426
"13298836749",0.575578858643164,0.517082165845533,0.584543810879169
"13298837339",0.175268021793306,0.192401767682239,0.194395354376637
"13298838179",0.549235363172263,0.559988039498773,0.462461731355669
"13298839938",0.18848490447093,0.329609217639916,0.361539630736224
"13298840124",1.21061438496484,3.41401672466373,2.5104255098667
"13298841728",0.397433058020806,0.480902737941036,0.342416011358056
"13298841818",1.61931620969271,3.06283987906526,1.91736767785543
"13298842384",3.25517201438393,NA,NA
"13298842504",1.20735287503274,0.55307043165849,1.86259189143205
"13298844743",0.214525933415511,0.345927165459394,0.227355072089813
"13298845261",0.119534610016062,0.110975462285039,0.225629211199176
"13298846111",1.35559051193579,1.16186107338285,1.59773697905078
"13298846594",3.52381233658156,1.64067897907431,2.07156992300794
"13298846977",1.14377158582643,0.524366960041802,0.72900809954557
"13298847243",1.14718610716457,0.453467087845507,0.428488695657215
"13298847454",0.662262111671137,0.619551797621887,0.645801988735118
"13298848154",1.41884103390721,1.42016751198042,0.718340129103317
"13298848766",0.279505409489747,0.269612627710217,0.677192650376822
"13298851743",0.199703760005404,0.746565287754129,0.452331275212505
"13298851858",0.365269382456871,0.422191054334371,0.29943309097404
"13298853018",1.80974428454213,0.850827648279063,0.754512834512633
"13298855709",3.57693503040636,NA,NA
"13298855824",1.98468520017271,1.07740911790512,1.34464473729575
"13298856267",0.485307097998828,0.425158730821064,0.255383949288197
"13298856825",0.491736306267125,0.354852939178158,0.367269519404362
"13298857763",0.608252849096976,0.841827587647119,1.13114491035392
"13298858042",0.489626843048041,0.575877645208293,0.775518380980406
"13298858435",1.04898328494794,1.48879852560059,1.35189086136851
"13298860056",1.3039553268162,2.54216497138091,2.0485395459243
"13298861195",0.95723445314363,0.700985661032598,1.38607704483214
"13298862023",0.60532097900648,1.2160512560053,2.0746937738975
"13298862389",0.363014700929236,0.416582998055675,0.541642450772952
"13298862548",0.601913364454396,0.383438810187554,0.65607612251985
"13298863269",1.04018572967992,1.72491681887232,0.78018801916531
"13298863814",0.758667171812745,0.534765867380015,0.403927536160827
"13298864382",0.327144157674037,0.366963505515174,0.761647234491642
"13298867144",1.55753034226165,1.01794946666834,0.954724008233403
"13298867268",0.265083723756555,0.217261924209465,0.354103245580865
"13298867728",0.564210096810518,1.22452062991734,1.03721145343095
"13298868837",0.777326442102227,0.253250184094324,0.932658342930933
"13298869839",1.50917553787555,4.24011408079098,2.01176169773648
"13298870555",1.04492967395785,0.595385888456435,0.719980709522319
"13298870890",1.95178935713847,NA,NA
"13298872305",1.59030883203236,1.28982555818574,2.16057924704023
"13298872398",0.361289083542536,0.773964837883737,0.77548576195913
"13298873907",0.20111787767339,0.20171894954256,0.337769040622074
"13298873919",0.258308251496293,0.643702670960874,0.373763715580232
"13298874304",0.643339610106351,0.299876062906382,0.493667733241826
"13298875296",2.01501031806668,0.901820522600194,2.10328945915869
"13298875347",3.01606802769458,1.2401136171128,1.16066367648157
"13298875589",0.452192328012721,0.170730173904443,0.41467334098607
"13298878230",0.786504811918043,1.26723800214002,1.12752478410379
"13298878493",0.284196466411097,0.0332644466447204,0.20106245211788
"13298879090",2.68862293167942,0.890770294944614,0.842469229454109
"13298880127",0.509333699663907,1.0838652269247,0.412880357658583
"13298880560",0.400101553661664,0.955005472326935,1.23045803902752
"13298881027",1.98303516245875,1.71920666322083,2.1586931194543
"13298883753",0.242852735298714,0.200913651388194,0.359168173636351
"13298885985",1.12548014418385,3.21284162342263,0.992734904199827
"13298887110",0.825752919857308,0.500142536881483,0.696136984774403
"13298888431",1.77356506899359,1.2769923678427,0.543707071746732
"13298888728",2.77296224421383,2.45819133203528,2.30419211145183
"13298888854",0.424023834374762,1.16792326592929,1.46649068711418
"13298888989",0.295245103539953,1.22639782660791,0.522733198463189
"13298890335",0.147194312622205,0.0761242442588717,0.18117542063868
"13298890848",0.570863204987237,0.521042388722394,0.209515090567918
"13298892070",0.853542598578594,0.657256874957566,0.59237078653599
"13298892287",0.297219247584848,0.299515803906998,0.314970870613496
"13298893414",0.29621660685492,0.256665902469797,0.310043461562548
"13298893570",0.673462667910613,1.20401539106354,1.07355170652311
"13298893806",0.594468577167599,0.411430068394507,1.04681087264058
"13298893828",0.345131176799914,0.517375715488341,0.417493155518803
"13298894984",0.604691510806394,0.36398297108527,0.483445756382742
"13298896199",2.42343615044071,1.30449716813512,1.32417476111426
"13298896285",0.239840568994579,0.342200483347088,0.455663216251532
"13298897650",0.151081251414158,0.296450354909695,0.501314658105619
"13298897715",1.6462083735373,0.552691855237142,0.795323054055566
"13298898611",0.219845988723721,0.274594615950501,0.509469080891967
"13298898653",0.253968825827369,0.454492480513942,0.488533545478455
"13298899342",2.04353315531215,1.24357934002537,0.600638362465717
"13298899908",0.145207595901543,0.435886694556991,0.206307253602077
"13298900190",0.54528255480896,0.38093930980391,0.467684913220479
"13298900220",0.370158965131608,0.429719729326797,0.535846833006121
"13298900554",0.578911056899512,0.407398447109933,0.381797007659954
"13298900643",0.424023834374762,1.1784639800897,1.65756581808905
"13298900932",0.370158965131608,0.348344508425912,0.598989097565672
"13298901434",0.581785921514316,0.364999228717504,0.526885756534741
"13298903506",0.854879787231568,1.18436404542527,0.971096620563251
"13298905505",3.1749204348761,4.7651519218226,1.713480798595
"13298906618",0.388591307223341,0.757737276718657,1.1756142029834
"13298910926",1.03977656407091,0.850371553162127,1.00296713268548
"13298912180",0.366980302785438,0.36681951900556,0.235491780374496
"13298912624",0.441872612006528,0.393671434308516,0.699532864725339
"13298912642",0.676902016712537,0.0580920813959643,0.0805143379322401
"13298914802",0.270619883984367,0.824695597588701,0.525693509960741
"13298915025",0.245731221396411,0.204031200350884,0.24252112171103
"13298915457",0.318727861444028,0.435539598888136,0.564399910107311
"13298915806",0.966734700872701,2.80102822446274,1.63127250447488
"13298917490",1.09119722446187,1.54363935728852,1.66517828133686
"13298918685",2.61055768413941,1.97166967418792,2.30130208769006
"13298919541",0.97201486802313,0.951295215913021,0.952589054557678
"13298920064",0.487906536996627,0.491262483842999,0.307776790166588
"13298920633",0.54073333022937,0.179617184192959,0.194133444681151
"13298921004",1.13273169111966,0.278474119973259,1.52549603012259
"13298921702",1.51830604710183,1.63695932886613,1.51091559867562
"13298922804",1.0671151625054,1.18795502265694,1.29050415396081
"13298924856",4.35053783681369,3.52764352261538,4.15306705695714
"13298925095",0.297394849917008,0.217577701861882,0.409319822418894
"13298925347",0.845866447338065,0.600712740084215,1.19074320833404
"13298927121",0.285195739083727,0.0859671654012819,0.264983471721868
"13298927261",1.52378767020004,1.50868518848134,1.29353557636159
"13298927660",0.422463052965002,0.442682277399712,0.885750419864094
"13298927863",0.293871431209501,0.915158466812609,0.729398694889817
"13298928038",0.351471649223601,0.464094468821371,0.685011409191591
"13298928053",0.782267541551794,0.403293299993014,0.42132477723567
"13298929015",1.7001333434899,1.8906510640564,0.948782943868239
"13298929620",0.533187437672793,0.6032652608359,0.609120091460404
"13298929830",0.239343705461241,0.550874507638912,0.48418629488893
"13298930539",0.355587545505103,0.173354328325412,0.263762087086492
"13298930947",0.359725380690288,0.925396608934133,1.01087440336968
"13298932495",0.535937235498895,0.43897564267552,0.269111245968706
"13298932576",1.38988675320175,0.245550636603518,0.357232088962823
"13298932664",0.410924482499115,0.801043696377171,0.95083700199061
"13298932795",0.662786188593815,0.246683823671007,0.398833695565829
"13298935265",0.61458794142959,0.266417473966694,0.118272689015265
"13298935835",2.3669794903568,3.91527442242645,0.730049306081459
"13298937198",1.31757123002417,0.951198442542665,1.32418667258874
"13298939265",1.28383832425197,0.473963953242461,0.777831965565082
"13298940268",0.412799887697946,0.61485643083804,0.433042124981606
"13298941165",1.07157421298025,2.70193548583111,1.97404830581413
"13298941567",0.440052133645871,0.703157895349101,0.839864299200494
"13298942737",0.3638391786841,1.12620036933358,1.13616773485664
"13298943464",1.0203034545359,1.74061991368034,0.97437971677196
"13298943652",1.54938423504937,1.79788758796959,1.47738471558374
"13298945634",0.276889705430493,0.255640898352459,0.356737852559536
"13298946727",0.862131102919793,1.29930948926058,0.343267304729726
"13298947410",0.38365154666406,1.18940537141353,0.757182741292652
"13298949442",0.94958989579501,0.438083988023676,0.782489042930815
"13298950670",0.375537733326524,0.741280596952659,0.31950139009834
"13298951624",0.193429898699584,0.325708275459349,0.516135781223099
"13298953064",0.290108954740953,0.346370122659985,0.951053753867919
"13298954271",0.376746668208851,0.711457833806736,0.397306840291136
"13298956113",0.817762887239557,0.804830753973474,0.642380041331676
"13298956252",0.174417876887651,0.239687997891483,0.517888524216775
"13298958569",0.410774074932974,0.277499457771768,0.291297290543408
"13298959132",0.626593487418239,0.557790190220149,2.09077018527716
"13298960068",0.262999158249255,0.52918960380611,0.214371961269503
"13298961592",0.346736961437325,0.285459953961385,0.498012512629428
"13298961719",0.4645273943635,0.51216026553543,0.603828087875942
"13298962020",4.33826714516399,3.16097115476446,2.2103431675715
"13298962167",0.739743278561672,0.0767702330103233,0.250480645644434
"13298962567",1.44993581481263,2.40682628505475,4.21587600227117
"13298963100",2.51190146534374,2.5188311815464,2.97132203729428
"13298963690",2.53161453247214,2.02406991659626,3.56780722301112
"13298964272",1.00547406247085,1.14518466940132,3.03033868511954
"13298965346",1.57080617580973,2.93980131131593,2.40859782794117
"13298965559",0.711179010770051,0.167476471011689,0.348454638506525
"13298967357",1.77157769380642,0.674456863324338,1.59141378862787
"13298967575",0.214939937383795,0.232878498493981,0.35642564428426
"13298967839",1.07770387158488,0.316566297857411,0.571882572016244
"13298968803",1.27838624744616,1.08732182518223,0.811122309617688
"13298969485",1.05846163813456,0.310174357238909,0.507712611493637
"13298970970",0.216652042298069,0.238688671467788,0.559258992404824
"13298972707",0.383473515824848,0.807660838201894,0.778311188961589
"13298973111",0.375537733326524,0.4042582826036,0.211736959978448
"13298974196",0.378304402659344,0.465637041583658,0.321720741591566
"13298975675",0.282627977549094,0.674466829820054,0.787440536256567
"13298976169",0.577472777801585,1.17325275249197,0.862931378427105
"13298976989",0.119534610016062,0.265867758535474,0.323154625669876
"13298977070",0.249213654440982,0.610138347910062,0.596980073014509
"13298978452",0.39074506979772,0.963976046174031,0.60370572029679
"13298980986",0.351004518352847,0.440256736698498,0.526186617192164
"13298981821",0.661150622846294,0.373817100879384,0.728768590078115
"13298981858",0.612837249342377,0.518644339904829,0.42465425999967
"13298983958",0.522497538725873,0.365704513653792,0.371677103137585
"13298984147",0.399702403989835,0.667372702961836,0.525642345448227
"13298985610",0.889939190522837,0.724010025580023,0.885388219056954
"13298986181",1.20368456554935,1.11419415381257,1.06305795651054
"13298986959",0.271024080896081,0.437884823129274,0.602917572803311
"13298988282",1.11762621207296,1.03991096972337,1.39377355615533
"13298989423",0.673455691941755,0.728122637461605,0.676148926169878
"13298992486",0.825752919857308,1.73194840846318,1.87014218484592
"13298993873",0.818982672466385,0.407848833229563,0.408067708918732
"13298994877",0.214939937383795,0.232878498493981,0.35642564428426
"13298995058",2.70407412583187,2.76468966438782,2.73335851280491
"13298995389",0.229113446502125,0.152225689522579,0.237791561216502
"13298996759",0.463295326347151,0.317050172655143,0.395473687409095
"13298997563",0.531728966000352,0.743364717251583,0.666474171211035
"13299000458",0.285590685389115,0.112913970269202,0.153032791191368
"13299000694",1.38860642158739,2.5188311815464,2.97132203729428
"13299001681",0.966734700872701,2.0335708619119,1.42033250709458
"13299002175",0.378296475865154,0.913069112757971,0.701353927120976
"13299003832",1.80331184334361,1.1817746011384,1.21279616849054
"13299005547",1.78179925998102,2.07408228846359,2.0825912055562
"13299006818",1.008221524812,0.561420442756292,1.11675917157762
"13299006822",0.976429538212261,1.16021101711533,0.858981471449077
"13299007264",0.855557113796613,0.38767893774605,0.454322049141318
"13299008515",1.04468727193259,1.33715853752374,0.567182398377255
"13299008688",0.36740103252419,0.232332451351896,0.240290654945074
"13299009523",0.472436827220886,1.43941931826766,1.73634070441013
"13299010723",0.185181548326834,0.177083217445521,0.249105856418654
"13299011318",0.119534610016062,0.657989799862196,0.380525370830835
"13299012189",0.409056916046362,0.245126989579902,0.38296134993988
"13299012875",2.22067705467339,2.3290752425363,1.21172567016611
"13299014253",0.708112256430898,0.0855702058839816,0.552188446959397
"13299014704",0.702113256372469,0.74264442785341,0.17637244185105
"13299014840",0.373781783089455,0.32484844936901,0.565681932351347
"13299014895",0.51934275277721,0.372734090739071,0.529012601684423
"13299017910",3.57352754593078,0.925551210090715,0.974656292556016
"13299018585",0.37323731408842,0.307503527042528,0.271812347420326
"13299019717",0.688614602789274,1.1316607790758,0.750651062235815
"13299020251",1.25070247056726,2.11683029210257,2.42391603899251
"13299020860",0.603141374001998,0.431330125874825,1.26673858408481
"13299020947",3.05924436886209,2.85911080118347,2.65500333357074
"13299021129",0.930788544429583,0.823718797681899,1.15459055133043
"13299021507",0.568711573109914,2.35019469436796,0.995625764553747
"13299023737",0.866659854177284,1.23009873095673,0.565009009712862
"13299027019",1.17494771256681,0.576345977490987,0.53653531535097
"13299027651",0.364684336421723,0.760237755647312,0.602309491867576
"13299028144",0.530465123912196,1.159323060913,0.684063973794905
"13299028201",0.560825758306401,0.810034758868824,1.05419674663824
"13299028723",0.638945772249026,0.49008180912437,0.582841510313002
"13299030232",4.0495613905761,5.69490412110946,2.7561268194025
"13299031477",0.256330763723419,0.319418318047199,0.387644762090464
"13299032383",0.334873548533634,0.645064222914802,0.654125833932768
"13299033567",2.90922699280963,1.60379018912484,1.8983280296187
"13299033956",0.391285728488967,0.707386516074253,0.518833225560641
"13299034169",1.30925791191805,1.90359711398923,5.02785779205449
"13299034817",0.365175148031836,0.179277981863156,0.298159264820474
"13299035561",0.672469828073334,0.688700943298858,0.558218594468835
"13299037069",1.15805946422426,2.07007854995939,0.828133712364972
"13299037376",1.4334942225614,1.40115511668128,2.13203729510733
"13299038647",0.703657772735987,0.483567364342838,0.896089093316835
"13299039161",0.604788984025721,0.45826706806883,0.534648167370412
"13299039879",4.3040062365498,4.1994222089526,3.52228754462778
"13299040133",0.483073620943074,0.336552102671368,0.331738282041534
"13299041713",0.371779617915879,0.409786416200519,0.575952300684543
"13299042594",1.3022546455317,1.40565714815603,1.52831300968713
"13299043247",0.195285971121728,0.527174092255799,0.824586043736073
"13299046311",0.472279866135999,0.577121962326685,0.649047547511803
"13299046512",0.894705132216966,0.470931014290306,0.441430093977271
"13299046619",0.830362433163489,0.930529747858948,1.82444875188277
"13299046705",0.682253332666515,0.891732084418438,0.900073643800656
"13299048008",1.82122305792171,2.04814455584687,1.54747955232103
"13299048746",1.00337352494677,0.733457671732743,0.867681179071114
"13299049925",2.2696446815972,1.34335319238662,1.78850188931629
"13299050083",4.55488417989852,1.73963545509637,2.11659306906718
"13299051378",0.476476649168282,0.775429192463022,1.28533129694948
"13299052462",0.610257559785745,0.410506796872617,0.348439226742805
"13299052571",0.152813086588649,0.257600180767662,0.236856764380271
"13299053344",0.725305268123716,1.07280059176561,1.13956875718641
"13299055976",1.46624415926524,1.72418137860877,1.09337487140651
"13299057641",0.35185764993025,0.696789632145594,0.33580846767396
"13299057726",0.656993404881104,0.0935354979135434,0.368512817565884
"13299058860",1.88608835742005,2.92261571543498,2.67770760307784
"13299060267",0.440063220187347,0.664247513792326,0.266445226720403
"13299063637",4.59871862797288,3.74359699588032,4.59197079008822
"13299064077",0.892388443572193,0.766971160898855,1.82912664951786
"13299065433",0.6470300849842,1.08526024230107,0.741303598203386
"13299066345",0.391057362731489,0.281216814595215,0.411242566251878
"13299066944",1.12319213679142,0.844399300379434,1.26506739007104
"13299067968",0.240076322008504,0.1789314033999,0.26512845963362
"13299068426",1.39097636428283,1.89350473343462,1.96889631259375
"13299069380",0.254313776497712,0.45747981131735,0.853122026635279
"13299071091",0.402878904547699,0.532891254022536,0.419843101065671
"13299072164",0.466886906945229,0.517974864364745,0.347094208112873
"13299072334",0.662786188593815,0.246683823671007,0.398833695565829
"13299072932",1.30420549108924,1.63947966552711,1.49889383758871
"13299076342",0.546778425285964,0.680864489680373,0.793088508211401
"13299076837",0.564210096810518,0.502803559918061,0.499328327656773
"13299077008",0.774817073734354,0.88504685911159,0.931422293665012
"13299078574",0.417860288936238,0.677630390409577,0.939515953282429
"13299079556",0.216056016145812,0.404281734754852,0.965615620454871
"13299080497",0.601935833617204,0.612395062397176,0.462705725989274
"13299081106",0.481525213155944,0.840053094175206,1.23268671053891
"13299085015",2.57330468040358,2.20229999328875,1.27863200186627
"13299085586",0.571797689293364,0.680827555058273,0.731840868835231
"13299086381",0.136112335216461,0.250946078822048,0.23310947637711
"13299086498",0.159895147889697,0.256343797556482,0.310045554058508
"13299086785",3.45863792430639,1.54057433132276,4.24539590394701
"13299087622",0.930757112923746,0.344951491141375,0.478635896479337
"13299087635",0.202061295503754,0.543153802384598,0.247300771309361
"13299088031",0.309555625400921,0.711589964598748,0.499574800762504
"13299095678",0.501641601958118,0.452059021208304,0.467400178047625
"13299095715",0.557214479436467,0.402987182729505,0.495691543298819
"13299096956",0.196981208964733,0.557606625131566,0.394762933046134
"13299098131",0.188319093559564,0.276524090087485,0.35629164426065
"13299098304",1.51698491249239,0.531402391145005,0.457269095240951
"13299098491",1.17205554613887,1.58927712137724,1.07129948807089
"13299098834",1.31136109041432,0.301135511521552,0.608843139096233
"13299101375",0.815424380947723,0.86641588505423,1.26246011533105
"13299103914",0.290581702014639,0.309345990630249,0.560421716587429
"13299104612",0.514197145869401,0.286945722309099,0.192482845703389
"13299105242",0.551974094112654,0.637704122778337,0.862834492226898
"13299106009",0.528045924092902,0.322420517517455,0.573733776915681
"13299107257",0.275014948822938,0.589589950661521,0.434955746626041
"13299108546",0.937877491883588,1.42766708466462,1.67333613091741
"13299108896",0.205176790125703,0.411449853931444,0.418911088837953
"13299109370",6.25482454992708,NA,NA
"13299110464",0.635308767413001,0.246683823671007,0.392007721398543
"13299112679",0.425611014773392,0.384612052474105,0.448044537431395
"13299115342",1.47760058854525,0.829708058445799,0.884112508440901
"13299116457",0.607497448034355,0.185868198116983,0.278299363657787
"13299118191",0.599025253548375,0.471852865567201,0.432771063749106
"13299119428",0.483128011433778,0.622518016183554,0.446993602798506
"13299121741",0.483727080797745,0.605708686087527,0.683035059048159
"13299122132",0.76916175535435,0.573156854385363,0.810585851976473
"13299125693",2.45788909834073,1.53006605927555,1.94149020819011
"13299128209",0.538539408372351,0.45067162111991,0.774005232725171
"13299132268",0.342219127192001,0.591432728012447,0.51618429886171
"13299132357",4.04992161005833,10.3533582164044,5.9387119315567
"13299133881",6.03839200084705,NA,NA
"13299134554",0.274431648706463,0.42732409598863,0.540649449191077
"13299134717",0.635308767413001,0.246683823671007,0.392007721398543
"13299134856",1.13713909938867,1.08115033671777,1.26046449571912
"13299137509",1.42396599386131,1.73738280595884,1.18858834790118
"13299137576",0.287135768838308,0.131799479970825,0.139662557015559
"13299145117",0.388025056683688,0.450966175285298,0.347027937268004
"13299147569",1.89290494497944,2.27239071647795,1.8282783196682
"13299149167",3.17212302505822,0.64826737434775,1.74509738224985
"13299149635",0.747596970153787,0.594410346172759,1.10673250409973
"13299152926",0.682432943418761,0.880144010059983,0.772529620155039
"13299155604",0.50904972338259,0.937034035075045,0.303719106863226
"13299159941",1.21315621788034,3.82407738961861,1.7682835961788
"13299160523",1.06690494912104,1.02889853419568,1.43422751602968
"13299161027",0.255484000952215,0.121570526870084,0.321597165645159
"13299167554",0.248493054512476,0.359323748347291,0.45773381311025
"13299168487",0.323458850777466,0.91491441104094,0.616461232164795
"13299174863",1.84261695049245,1.2616534556417,1.17125004707265
"13299176033",0.176563972724512,0.308116300257407,0.476159611155384
"13299181285",0.351710437041344,0.312246346334292,0.204132914801857
"13299184681",4.85742909230378,NA,NA
"13299186861",1.02097543598134,1.43610173862898,1.74555476185419
"13299188989",1.10143809915822,1.31441262533516,1.63008677299261
"13299189507",1.26224490457962,1.42459270930389,1.05407734832759
"13299191226",0.340666495311093,0.29324072278346,0.567798927811967
"13299194051",0.72454728289717,0.556427478509591,0.476774417012699
"13299194083",0.905731124299055,1.39255921514438,1.96078219212899
"13299194413",1.21270037505422,1.24884072429154,0.799716522551091
"13299195839",0.284152263555542,0.307900229881691,0.362398109117763
"13299198560",0.730971166262639,1.17559352124289,1.07432850909181
"13299202239",0.291862464860356,0.295812943164284,0.454224595856651
"13299202404",6.50400596928645,NA,NA
"13299204560",0.474806311251721,0.976674013865555,0.917094968784532
"13299205488",1.74722997263847,1.145263515527,1.61165503782534
"13299207004",0.63291670634241,0.330544456229003,0.271842965405276
"13299207258",0.548046188421909,0.746877648333184,1.13460308359686
"13299208858",1.26025187901064,0.355917559359711,0.606408386395594
"13299209206",0.23077432008141,0.243336247026875,0.36042325144551
"13299210162",1.85893246906277,0.915825353679055,1.79322963817434
"13299212074",0.553716361247266,0.275526483361612,0.440135781061794
"13299213391",0.62933668983081,0.252494912339266,0.734402327078313
"13299214096",1.49664231578268,3.39528022104431,3.52420324855401
"13299214401",1.61285893334777,2.92261571543498,2.65725983301112
"13299218281",0.427281969197188,0.535983884828727,0.469928005288968
"13299222303",1.08373761033005,2.3870793700884,2.30808086866331
"13299222896",0.442213047171782,0.423444791686437,0.801419945798304
"13299225531",2.8486194692649,3.34156585794579,2.36770838022398
"13299228538",0.44661812454134,0.628942216742259,0.740838763278755
"13299235771",0.207600981569656,0.0191992993116804,0.54206034340079
"13299237025",0.538803230943636,0.40948989867858,0.579463170550315
"13299237501",3.2372752983971,4.15829763101969,2.21139194720197
"13299237950",0.720008473895634,1.37957747231398,0.979084221075277
"13299240492",5.41062763840565,NA,NA
"13299241267",0.168802795778157,0.0931250146170825,0.188880163566655
"13299246277",1.18213750494564,1.00375909957422,0.914999859799662
"13299247059",1.25196329074534,0.697726378542586,1.07335501243454
"13299247296",0.39640438994056,0.795475169958558,0.419870932627031
"13299251222",0.544871239294283,0.52008510080851,0.639087668753832
"13299256478",1.84603855647211,0.622901252452976,0.598751720183373
"13299257229",5.80705129928998,NA,NA
"13299258416",1.64623332785305,2.67249162544714,1.69507414475868
"13299261320",1.72699224807586,1.23229939343142,1.02703675094199
"13299269647",1.32982481877022,0.716840918082246,0.490637736678064
"13299272881",2.83113185163279,0.533508019540488,1.27653175440339
"13299274269",1.61285893334777,2.44850696408776,2.43309481604783
"13299274659",0.70793020716962,0.730085412181944,0.519223866499061
"13299275149",0.204429677633164,0.634641832967513,0.388867630409067
"13299280752",3.43024734071217,0.875120158669053,3.25285557362666
"13299283672",0.349779839826191,0.37254190639526,0.396651650418254
"13299285289",1.29113089759853,1.50848229204961,1.39463198476941
"13299295271",0.764866567665881,1.17568120276288,1.06053905180268
"13299296260",0.902380893304057,0.840164576397772,0.870445452668789
"13299298513",1.26061411068665,1.74387814955817,1.22432420924438
"13299301115",0.432117347206632,0.510795765609682,0.347875478831058
"13299303005",3.12361074059358,2.11313252663074,1.84295639863947
"13299306817",0.382288043887215,0.241438684365067,0.823618297155386
"13299309434",0.40531679323835,0.261666052884644,0.312238389774626
"13299312656",0.444082372168642,0.573450982031587,0.418631880704827
"13299318743",0.737330080641469,0.741374652961677,1.03695733829353
"13299320363",1.90636192523324,3.4556789035136,1.53189906045875
"13299322397",0.45295603794191,0.291243854753363,0.24752013327067
"13299327357",1.69479267936583,1.27669051906529,1.40504950395241
"13299341030",1.04768455246735,1.3161261941761,0.924832983836347
"13299348426",1.94901958661269,1.87260023290828,1.50700848945063
"13299348754",1.47507360827136,0.936989750623648,0.890364873003911
"13299365062",0.291930952106644,0.187722655266905,0.390761814805864
"13299379351",1.35622218556733,1.40667550919534,1.56701021877339
"13299389709",0.26931651506958,0.499018415681847,0.409302790789474
"13299393360",1.34868754525778,1.7249063663874,1.07489476062073
"13299398141",0.616294520951291,1.04076095709127,0.939944542453897
"13299407521",1.29581337719546,0.629758531558882,0.835645221283948
"13299425428",0.364559370048791,0.516792849598213,0.721567440459794
"13299427569",0.735849683555922,0.621040765307244,0.522339261873224
"13299443774",0.540771941074963,0.576728316819057,0.767734055371275
"13299446980",1.47760058854525,0.794364628183535,0.733846145119981
"13299450168",0.199641523130276,0.470379069954459,0.437114640254215
"13299455976",0.277610101734685,0.231296342827106,0.488411549603019
"13299457498",0.396165490989592,0.790692046821369,0.727075741854347
"13299470116",2.36025717757962,1.81608104875068,1.78766666127888
"13299472946",1.40020293692941,3.02382162628267,1.31493429238767
"13299477327",0.276929173549796,0.309392156075843,0.407672879395787
"13299478718",2.03329186513023,2.36285850284753,1.65258552073946
"13299482826",1.29194020934562,0.524516987996583,1.54554539540437
"13299492078",0.590393920918906,0.656467027952001,0.623278594218093
"13299496103",0.251669865167482,0.141715217324664,0.258910896152516
"13299498185",1.06132783170541,1.43572713541392,0.707036336104885
"13299501024",3.44087407180871,4.09756101174537,2.1829135222832
"13299502654",0.334482153267215,0.354633450445342,0.533428727205335
"13299507488",1.97428621355641,2.18460556224062,1.31035030594848
"13299514728",0.482296774625441,0.416557930109925,0.344584798228326
"13299516800",0.565876041073588,0.74264442785341,0.178635503094267
"13299528573",0.730971166262639,1.17559352124289,1.07432850909181
"13299530674",0.743134910822389,0.523613428415259,0.898489170910614
"13299531232",0.532318093018494,0.787021044211861,0.750888796424549
"13299532610",1.02966535198239,0.980684774108994,0.659990561934641
"13299534326",0.249800021676377,0.298717207138931,0.297972092164322
"13299539175",0.634459714922093,0.360315163681993,0.29749385316073
"13299539283",0.239405562912519,0.571347332843193,0.719805057852978
"13299546056",0.747035558608928,0.718343093947419,0.562793537396506
"13299546106",3.78513862230503,2.1147248746562,4.32973686626228
"13299546399",0.5584381706819,0.378685003390211,0.465349023349501
"13299550705",0.713750714157759,0.7924874604336,1.24322235932235
"13299556433",0.9483324268588,1.77133233121352,1.85030575948455
"13299559484",0.768229884042945,2.59888400046929,3.66596026497291
"13299562463",0.528817189658158,1.25079807241025,0.684251900116801
"13299565451",2.37223206079356,2.53094132545333,3.81093953562248
"13299566158",0.367869020132946,0.498583811298708,0.586485143574833
"13299566738",0.506704652163601,0.182812241991349,0.614622291322678
"13299567027",2.29513880955059,1.10260249479339,1.4739214424174
"13299571042",4.02469462640998,0.942202410911241,4.05287974359193
"13299572387",3.56644347573606,2.97797090223903,4.19563987724835
"13299573179",0.512327556384243,0.417996108107928,0.76530493797545
"13299573704",0.827955346553662,0.976320521061437,1.00329877040128
"13299574813",0.861551337881586,0.182888775607088,0.355257245241061
"13299579340",0.807428846688794,0.446092447609718,0.233105529675269
"13299584384",0.585658483889901,0.567849203479008,0.764141836987455
"13299591415",0.7033249766803,0.623752022221047,0.907936198752052
"13299594102",0.589485536172174,1.91223205989941,0.980264787844541
"13299601107",0.956014311117574,0.71624160356618,0.83687145812816
"13299603077",0.362260855049068,0.710897145469455,0.912005326510066
"13299605973",0.183123982185375,0.205439073133521,0.249103396028612
"13299609217",1.06929173751208,1.06276136893339,1.62331992626252
"13299610374",0.549695735810708,1.10195761226817,1.66608903425117
"13299613526",1.19144852938598,1.08431562491083,2.02678214104264
"13299614241",2.06648442250908,2.13730600508342,1.83622727271633
"13299619002",0.336948176579978,0.366798296876805,0.711513011139502
"13299622259",0.609653761742385,0.963702416874928,0.487839269909459
"13299624640",0.689571873208399,0.517998662802843,0.301014008811757
"13299626353",1.52168973449171,1.07537715475412,2.04100313698652
"13299633188",0.446797955289423,1.20590638763932,0.920940448744917
"13299635931",0.507725714606625,0.562916134533378,0.511821097309004
"13299639298",2.28755700926504,2.63705787961315,1.37199159382509
"13299644046",0.248166310676315,0.28105376187075,0.872194105284638
"13299646370",0.957219022744795,1.33065126366043,1.31436972786337
"13299649863",0.405760524529939,0.522751573164072,0.919788210327707
"13299651757",4.04992161005833,6.01778639359299,3.506424597469
"13299651996",0.482516615021235,0.353378129388399,0.361247792528386
"13299652554",0.296478866440252,0.672070829190759,0.537280643824433
"13299654729",0.944896929305307,0.545588991302628,0.978559145116578
"13299659950",1.02311926814535,0.502089744188428,0.492620492280336
"13299660066",0.791087189324483,1.29814106913398,0.795708452357725
"13299660483",0.591698666152158,0.442100903544703,0.598769486227715
"13299662595",0.319275945840275,0.385088073013579,0.512302037973699
"13299663703",0.663789905619659,0.567211917013584,0.177709897617832
"13299664383",2.86670634628507,1.8897102502938,3.12729398056722
"13299665163",0.768025349525899,0.373928565045775,0.592521939000227
"13299665744",1.16968859742605,2.15699506251809,1.76386012383028
"13299667547",0.656550559240189,0.958664627364803,0.629162558295568
"13299667901",0.31090956758021,0.228945852263598,0.315904121254692
"13299668066",0.257174792943288,0.232086250057072,0.366848542512182
"13299669856",1.4702990307962,0.864420531775354,0.606191468286454
"13299670550",1.02111390677388,0.309766360103365,0.478154090250774
"13299670795",0.996986327827392,1.30292357668914,0.821087221116742
"13299671729",0.284445422853842,0.551379035870836,0.463214856255542
"13299672983",3.0432302552923,2.65741751826332,4.41252393976929
"13299674150",0.335425162725086,0.0896192509847442,0.308096565931331
"13299677168",0.358180032980212,0.559642653604554,0.249587503680218
"13299679112",0.856038938385487,0.444475429035273,0.449351810580927
"13299680186",0.749835533248958,0.646595978950692,0.395947750317601
"13299683216",0.502285743065988,0.634798515362322,0.39662123362854
"13299684450",0.950803751321778,5.29028045073953,0.38760109720053
"13299684614",0.535376970842811,0.353370450331198,0.522530247613931
"13299685112",0.532178466382892,0.392821403982403,0.552491937316939
"13299685386",1.08478513871512,0.808176008791383,0.518810656253824
"13299686765",0.510144201777003,0.446486217983895,0.486056495148317
"13299687155",1.58118383892183,0.80303666389934,1.11157238342459
"13299689711",0.788027468028596,1.48769126163957,1.28096846226793
"13299689855",0.52894430256361,0.72227067758685,0.77191993646789
"13299693954",0.750006910294819,2.84896528121998,0.615650420405788
"13299697076",0.332185025798702,0.184374284987682,0.340840907577816
"13299698115",1.55947987412344,1.99987576624375,2.30909716572013
"13299702335",0.730967404137079,0.380603838995874,0.448859432277782
"13299704313",1.46789527770101,1.24736733418622,1.28737875806814
"13299706111",0.641576010989218,0.537798605349048,0.634337967564715
"13299707336",0.498432235323406,0.809655689195882,0.681218066123957
"13299709481",1.47760058854525,1.00401054575629,0.910295820351236
"13299709981",0.597600130015781,0.653781952296877,0.786280780752014
"13299713273",0.310829318958257,0.516715970332821,0.439030945260085
"13299714833",0.857610705967758,0.310321159628384,0.192873341151395
"13299718178",0.484768964942651,1.49412177893911,0.744223411695621
"13299719430",0.588772866609341,0.345472533183404,0.501532219338332
"13299720255",1.02311926814535,0.407977371402557,0.426081736333669
"13299721758",0.378349143868254,0.793964647717513,1.20491576139973
"13299722889",1.9429639107011,1.50154322538092,1.50418713150252
"13299723769",1.06907259908605,0.474616166281546,1.30522625164063
"13299724930",0.940454983151652,1.00005703309965,0.855065279380076
"13299725037",0.213774094357225,0.281452413061261,0.177050551369819
"13299725701",0.364531296882236,0.25229085247266,0.359118216551072
"13299726147",0.585658483889901,0.849835385253127,1.09895729165347
"13299728830",0.361175595468506,0.63852039079041,0.376490188054286
"13299729171",0.830519736007233,0.889156820472808,1.04449822117364
"13299729833",0.426003574141359,0.273949712709674,0.556652608360975
"13299731033",0.241545032857025,0.475224214216043,0.462462641627916
"13299731207",0.920171204609404,0.122805662361013,0.172611811193664
"13299734604",0.569340126418053,0.955956309123651,1.32320194274779
"13299734795",0.604891310028466,1.04428535515197,0.509232937814982
"13299735221",0.783951338419667,0.130574053312463,0.218077608048354
"13299736039",0.173527143842944,0.103369082811183,0.185801696146418
"13299736348",0.827833812311761,0.649701926620664,0.496560027231072
"13299739529",1.21241452714285,0.480020326197324,0.435927972552134
"13299741066",1.2388290791637,4.45171674871437,2.14181177310445
"13299741193",1.0825217653367,0.791999717315803,0.420405019860525
"13299741369",0.567694172365498,0.841833294085913,0.253451002134799
"13299743686",0.399261994372535,0.245898749456112,0.611332498986108
"13299744287",0.314367369664994,0.591664744667665,0.691564498723029
"13299744424",0.788227237515583,0.402123071439557,0.492759977009362
"13299749769",2.29257974952876,1.52850117536637,2.40157864839999
"13299751143",0.205483830260528,0.174364684708502,0.506028098991861
"13299755489",2.41776537663708,3.56462802101041,3.64474227894434
"13299759003",1.67314738431608,2.45560226672472,1.6200525976424
"13299762164",1.0488327776263,0.928351983919206,0.621584474503292
"13299762600",0.265322598552159,0.339499483985983,0.511230824344467
"13299766987",0.562477603026241,0.203417719999592,0.443536781600201
"13299767538",0.490911899630947,0.561976190077831,0.632980690799845
"13299767938",0.361175595468506,0.983753125376789,0.611706755296762
"13299769847",0.314782455971601,0.11059604619699,0.284397806331218
"13299774216",1.53245513911811,0.744915674573668,0.838788983035493
"13299776504",0.783229912988719,0.39245271078547,0.390498964712355
"13299780257",0.240861606627847,0.237823305219574,0.427274538943299
"13299780834",0.213934702281377,0.296062090464192,0.342893037008207
"13299780882",0.286370233545788,0.65666801415946,0.548780961109744
"13299781367",1.8982507023471,2.35908951580886,3.80287362221579
"13299783321",0.610162271560349,0.512647947538023,0.382266438259821
"13299784963",2.2221140713946,3.52335291817493,3.63406541534096
"13299786537",0.338719609822633,0.482173018296861,0.475979571445397
"13299787018",0.30981093646006,0.10014198768701,0.305878609622725
"13299788579",0.458356678142746,0.32123902126359,0.522409274664148
"13299790326",0.370165203663843,0.869655786865112,0.446637108739786
"13299793479",0.272055381038007,0.493347584724385,0.54963994377393
"13299793828",1.16385819622758,0.660317400224431,0.467435337522706
"13299799516",0.412248397028925,0.627431012569732,0.382721989401596
"13299802257",0.330663781704357,0.685393732572047,0.593752142289511
"13299803356",0.40506987586478,0.48683527414293,0.523108812069519
"13299803431",1.72474789610937,0.71960423908425,0.877288750636189
"13299803523",0.362203098698179,0.498353732869253,0.401441478103187
"13299807699",1.361778631667,1.07976950775235,1.02314616035635
"13299808112",0.560402843004021,1.24318827956344,0.579162753897965
"13299810526",2.95255781290913,1.28477157697006,4.31618679948455
"13299811291",0.509659698780441,0.312655215274867,0.199054233945509
"13299812503",0.508030665929956,0.671766136470212,0.380250578905876
"13299814517",0.68374196855286,0.670681208904673,0.579133097053249
"13299817946",0.644159225957668,0.692155009087684,0.986137628933115
"13299820531",0.236225587167353,0.702637243468535,0.624810254906459
"13299823318",1.02813916854668,1.4734373669736,1.34915506547541
"13299823627",1.15598119281769,2.03994395957964,1.8851667772996
"13299824403",0.222975392314899,0.550874507638912,0.466877507699056
"13299824536",0.827955346553662,1.16851383891258,1.06493789303895
"13299826421",1.30390770598488,2.32133279046966,2.56430285409176
"13299827403",0.26046202177613,0.303228082248685,0.447177629484459
"13299827684",0.381361994756812,0.0372427688401241,0.0903887982103135
"13299828517",0.960734947184936,0.59448031962532,0.482229895592011
"13299831334",1.48595753778288,0.8213558711659,1.02294484064162
"13299832489",1.12147458359396,1.0331993674763,0.900369329182583
"13299834510",0.548160556793609,4.43127117526776,0.818747292400999
"13299835080",1.06533692251321,1.3989935862485,1.87669313437692
"13299836206",0.659759275047392,1.06777737920331,1.10922121587448
"13299837703",0.79666241804382,0.775458807447165,0.452253114459353
"13299840078",0.798801243520117,0.562410745500375,1.00641956555471
"13299842231",0.438459736907705,0.219917301112572,0.563250754611328
"13299842989",0.915334983344618,0.475544444990279,0.295565377168854
"13299843590",0.775435479483438,0.522728758937625,0.36325855663699
"13299843794",0.150351763374176,1.69896274894608,0.484370306655485
"13299844248",0.613840236968498,0.636526269200434,0.900420529423661
"13299847366",1.52273454820299,1.92365436540768,2.18428526873461
"13299849662",2.50834456021797,1.95981531117664,1.65394245456949
"13299850518",0.845668208348921,0.227910228052407,0.750976144317519
"13299852765",0.737031805467769,0.489186168976045,0.404371157710122
"13299852810",1.10337888862748,2.0896929951904,2.31971509105518
"13299856543",1.07177039977566,0.451629155969171,0.39930269077788
"13299857412",0.565689805032056,1.05991831070668,0.435673733832208
"13299860475",0.852594183284443,1.31500952902595,1.15175971854894
"13299860505",0.230549411644753,0.619700249241953,0.418605327572374
"13299860546",0.635321102660747,0.457923258095949,0.584893686345983
"13299862225",1.6024769261013,0.735087246889924,0.858452999542847
"13299865996",0.464606040022075,0.344646415349368,0.521515627538104
"13299868626",1.02311926814535,0.502089744188428,0.492620492280336
"13299868737",0.651305650491057,0.607287925865824,0.782208403310206
"13299869960",1.54993342736943,1.7310091930287,1.44782482517128
"13299870654",0.234680219547043,0.333977391453463,0.547930874040365
"13299870834",0.605722913885784,0.617193334299966,0.625986333905662
"13299874900",0.333678515620895,0.283246221216463,0.444396389922001
"13299877137",2.73592476124325,2.5666624309572,3.53032237332442
"13299878324",1.01433055620878,1.60164123529485,1.2100787468567
"13299878562",0.532178466382892,0.571429538010863,0.521794485106805
"13299878701",0.182871221652367,0.200913651388194,0.332775675372609
"13299878825",1.06584899142438,0.52827587015626,0.528495028849428
"13299879245",1.63486363653459,1.86770708079959,1.88956605349365
"13299879572",1.71878411920421,1.3978555235328,1.91173596649548
"13299879767",0.394644324433199,0.530056529491332,0.467962997287927
"13299883242",0.597062731528033,0.260542664951612,0.245083565826855
"13299883525",0.877086997047751,1.84075523607608,1.3259060236121
"13299883598",0.583676447839268,0.504256294260484,0.615734235555191
"13299884192",0.293085075162677,0.348302801403786,0.510048494949002
"13299884615",0.669030071085343,0.949330277628487,0.902457577462807
"13299885333",1.03441647272596,1.23302502943853,0.544663861680896
"13299886474",0.609795978329736,0.247794740339479,0.148275349101483
"13299886855",0.519384314324774,0.235148369524804,0.405045138980711
"13299888941",0.465395045722892,0.416492223491995,0.598206877414865
"13299889014",0.818731194015278,0.751009014569244,0.459054641431984
"13299889517",0.606518546760546,0.801476451576315,0.49737239033885
"13299893102",0.896695173748092,0.401715494761424,0.313103548252553
"13299896225",7.30287404586776,NA,NA
"13299897638",0.783319031915523,0.328058328735837,1.47140061182732
"13299897888",6.84364374009221,NA,NA
"13299898112",0.378320051036642,0.322622203399392,0.528845122523339
"13299899051",0.460818619461554,0.267494167771,0.336715474839625
"13299903093",0.795129922178626,1.00350978828347,0.889173999915996
"13299904176",0.29232126839028,0.415531010228989,0.643446825913868
"13299905091",0.434431260339763,0.234080137702812,0.352479374598697
"13299907814",0.184667505303172,0.327046769465377,0.497755960893144
"13299908462",0.312317533695902,1.5721160111705,0.636972646011623
"13299911676",2.127176481656,1.4269521783998,1.29831731807126
"13299914697",0.429842579457957,0.695899377924228,0.887086393919001
"13299916947",3.33012516978319,4.66205669195111,4.22266651399094
"13299919511",2.52250583848021,1.29414140969602,1.58142842779862
"13299922064",0.788401751542684,0.457358749078028,1.18728122181789
"13299923182",0.340502601807448,0.239874945962274,0.339006663222782
"13299924782",0.87022614293826,0.43734006886209,0.338344735557805
"13299925151",0.713750714157759,0.628654046246285,0.670885349164649
"13299925595",0.676565471440736,0.573397070154735,0.753356766721234
"13299925917",0.800675242954902,0.704637675359184,0.352249789664355
"13299928587",2.00681062865933,3.75989966344995,1.70610230373738
"13299929949",0.198996871927332,0.261115592354173,0.384457128949463
"13299930245",0.93970558465964,2.02956523184358,0.916051553939499
"13299931285",0.550983399360716,1.31111492676997,1.24422811721544
"13299931740",0.832922315307535,0.962617877175982,0.938596769623452
"13299932043",0.432001483085809,0.707765448794192,0.627115940471964
"13299932240",0.857026953498808,1.06616347939885,1.29077933718628
"13299933201",0.872513377725162,1.48320807248637,1.47278650207521
"13299934987",0.715335717216714,1.9740444273399,1.75616455036348
"13299937319",0.689571873208399,0.43607817314497,0.402751511990383
"13299938664",2.91521320037671,0.447823900669745,0.775506199992872
"13299940877",0.967434292301449,1.66385402846725,1.07328504240244
"13299942721",2.12241466806877,1.36010103369106,0.948846259563481
"13299948585",0.54377448792875,0.387047466248804,0.368017201457611
"13299949000",2.19763033068788,2.92354342141825,2.60486570869531
"13299950955",1.97868773856132,1.67768098580618,2.28000184062176
"13299951401",1.02038731444322,0.942247699128261,0.517302239631344
"13299952456",0.923603348617181,1.0428249890571,0.962292299039776
"13299952759",0.736666263787257,0.827854768514178,1.2293290066153
"13299952995",0.587671566936507,0.836568164717275,0.742419977440029
"13299954732",0.694386449792707,0.557072427576048,0.865607263253869
"13299955108",0.426207628682655,0.21030223804633,0.635957458767427
"13299955713",1.0396861665495,0.461573105140267,0.230195466484814
"13299956628",1.80004625955597,1.1083056418328,1.4391334626379
"13299957347",0.310830765160528,0.429444330714693,0.47651715850631
"13299957441",0.677605435022302,0.804151747783558,2.86044549463339
"13299960331",0.668948553465052,0.417869826984446,0.156800610818017
"13299963242",0.460818619461554,0.267494167771,0.336715474839625
"13299963474",0.603653946154094,0.606078911920936,0.800326008087521
"13299963518",2.32170082815665,1.17197927729678,1.78767215510978
"13299964934",1.34770161158719,0.648736155442328,0.417344692451504
"13299965936",2.19034874228925,0.363330713122876,0.217863003236168
"13299966999",0.632718700733404,0.946274309666754,0.232492411553128
"13299967457",2.48759880484532,3.02795719402937,3.63999831017366
"13299968324",0.908538825907142,0.473039336413078,0.889972066850208
"13299970898",0.717861316826718,0.0142439570519087,0.365083406536241
"13299973209",0.857572342906434,0.338131117635657,1.02616019084208
"13299973656",3.39278175465576,2.54062056785525,3.9871362198426
"13299973719",4.04884230050258,NA,NA
"13299975327",1.82370877864538,1.7195042454434,2.28379240256328
"13299975671",0.828157356463324,0.508505874630703,0.523414251474921
"13299975794",0.753468835023458,0.509527607931387,0.476879249147881
"13299975929",4.85742909230378,NA,NA
"13299978685",1.78692074491837,1.68573937153726,4.65343074380431
"13299979794",4.04884230050258,NA,NA
"13299979897",1.31747516476236,2.10984055048514,2.08613933973263
"13299979899",2.56063314456491,1.65101398332596,3.35682838542767
"13299980313",0.618581483533152,0.309376301860023,0.619084378217874
"13299981047",1.12533667371848,0.590686877889119,1.3312298567265
"13299982116",1.09172108660891,2.7609180839776,2.48651022266285
"13299982742",1.02311926814535,1.22078811940597,0.56640090634429
"13299984256",0.979502024290122,0.524007380467614,1.17455546617895
"13299984358",0.755237176886794,1.07220616981312,1.46049576722228
"13299985045",7.67556588773363,NA,NA
"13299989153",0.329259506678954,0.319637301661238,0.716211782778805
"13299989899",0.71176969325179,0.709551486537326,0.886055532302911
"13299989909",0.536118308932747,0.471632299106895,0.570218604207033
"13299992171",0.627634333651961,0.50614782623429,0.559274086638378
"13299992218",0.955842584768552,2.88028143979836,2.82256090453057
"13299995121",0.445310285767949,0.257112330099636,0.238305663783156
"13299995178",0.608832280539586,0.729965676840771,0.57542329266122
"13299997781",1.64641544370766,3.31512770217308,1.56614011932249
"13299997935",0.704296893283245,1.23055808937151,0.679677297618678
"13299999096",0.743002236114191,0.452579668660055,0.402350602473808
"13300000698",0.359812056368328,0.752067326506716,0.772731210189739
"13300001766",0.62808722524491,0.887993293419846,0.731045021929484
"13300002262",0.265997206471473,0.818875273545628,0.760532617889321
"13300006412",0.382431646405492,0.433205503382642,0.526712397794266
"13300009249",0.567694172365498,0.840113889430889,0.211430691048504
"13300012630",0.553532877268785,0.747984297899268,0.905549296177449
"13300012777",1.00612760934429,1.16078132160418,0.835370458743494
"13300013384",0.369686990750761,0.512432853571479,0.475151686823191
"13300014296",0.374291439258619,0.554100931516374,0.211131585156199
"13300015404",0.734547704960657,0.90222174614477,0.898855433054854
"13300016464",3.2372752983971,3.85803187562171,1.99444492685574
"13300017001",0.761485486999165,2.09131013278148,1.75881004002406
"13300017174",0.348051145840966,0.570067208528468,0.50004568296987
"13300018485",2.14507628119372,2.16002540453238,2.34480107894477
"13300018515",0.194737286982526,0.255394319264285,0.296670918548862
"13300018994",0.5872700163232,0.300577943279089,0.666415819779706
"13300019319",0.360778801847738,0.219917301112572,0.550070570872505
"13300020313",1.39506139804329,1.39924774151027,1.41971592513568
"13300024829",2.48782712220292,1.11201270520063,1.45941490525566
"13300024940",0.617845660449496,1.04583267230513,0.632938244890869
"13300026008",1.07146338971113,0.653821798661255,1.39749553282226
"13300031010",0.587529793611831,0.865249122550772,0.686252808802338
"13300031470",1.31748775482508,1.89183255186563,1.67156345371353
"13300031807",0.498284252854647,0.357385848168329,0.230966503065772
"13300032401",1.49666098327504,0.64614947303031,0.888806224500284
"13300032874",0.6488889687892,0.457617906121709,0.305424365147177
"13300033795",0.546849305084919,0.521044173394073,0.604293794056702
"13300033890",0.852594183284443,1.31500952902595,1.15175971854894
"13300034652",1.741167241147,2.85155016640313,0.717270595958335
"13300034758",0.498432235323406,0.950350267383536,0.898152931335479
"13300037541",0.704296893283245,1.36356737766837,0.893721629155446
"13300038579",0.451771837794325,0.254355224628441,0.560128766934386
"13300038791",2.36985256452231,1.53091001964715,1.79110034086391
"13300041802",0.654147080147873,0.681936605262879,0.971718945945512
"13300042163",0.519002347454396,0.958249716045833,0.885577041509014
"13300042736",1.86817356177827,3.435551224854,2.6854571972591
"13300042892",1.69248760309306,1.50785339353385,1.88694715712934
"13300044013",1.10124591296401,1.70241834265221,1.54947319787607
"13300045696",0.36712859270734,0.248464754304812,0.476586210128416
"13300046382",0.310699427360728,0.734114410514374,0.400205457715681
"13300047159",2.39264860364878,2.54830228894283,1.55082360884651
"13300048726",0.343064492648094,0.660982595693812,0.745902373261546
"13300048969",0.840480704579465,0.906202517878866,0.946483266633859
"13300053690",3.0427637877718,2.92440402610123,2.23737147430743
"13300055595",0.80711350782947,0.358174305458092,0.267341689326723
"13300058140",0.50099808309003,1.11347338455388,0.87488955060133
"13300061327",0.249800021676377,0.298717207138931,0.297972092164322
"13300064785",0.862173527973898,0.434499514503891,0.355318283015214
"13300066815",0.700233494780474,0.0567225265581763,0.515677118202819
"13300067367",0.791628847521648,2.06590244607851,1.59300870314614
"13300067773",0.42422044370612,0.322526115649471,0.851627381207998
"13300070802",0.138517878905273,0.255381783706955,0.286299921445422
"13300071643",1.40613243536088,1.95886780018095,1.05636925511544
"13300071997",0.43815960427717,0.581151385305144,0.449494304504686
"13300072949",0.702779032632038,0.417018338380354,0.701472846612416
"13300074800",1.32683488707498,1.58049771745192,1.48189827003797
"13300075495",2.85002392895263,2.14338655117279,1.86113962359932
"13300075767",0.628430619796487,0.259925618912877,0.552182418887543
"13300075860",1.70579074278551,1.61983546062917,1.84658422568037
"13300075891",1.491942239953,3.63926425250249,1.75695730447767
"13300076032",4.7271752266517,NA,NA
"13300079115",0.492493530082985,0.457011879006649,0.559383042655491
"13300079192",0.356556129352091,0.399584425725505,0.748551190814018
"13300079238",0.270052478703515,0.34326987868254,0.31515508655481
"13300079603",1.78831453350161,5.01233009949313,3.0914723624852
"13300080405",1.8389654014616,1.78459561414714,2.42467870323271
"13300080514",1.40537909196875,1.43051379890987,1.21323872689164
"13300080544",1.11706781877592,0.302576510809152,0.857087030184599
"13300080718",1.1036314131126,0.463265837133386,1.06155492729351
"13300081206",0.502339369357693,0.583876118971568,0.619614064990888
"13300081212",1.92257806641858,1.34137739068157,1.6241296133073
"13300082564",1.42342634568862,0.978286104725689,1.74029490620096
"13300083697",4.07155147819406,NA,NA
"13300084290",0.837846133540701,0.885469692230509,1.04305933806927
"13300084746",0.455671073086164,0.365879752215646,0.563175422399948
"13300087054",2.18458397898729,1.22122044171669,1.1416578051492
"13300087805",0.188675147844876,0.485097112725988,1.09648571376775
"13300088302",1.04627077930858,0.743796251245256,1.3057303193208
"13300090845",1.76792088231041,2.77263253498713,1.60453385494326
"13300093904",3.35540700769719,4.94437902999995,2.6030629279224
"13300097546",0.696636586393333,0.469053900045974,0.630363356051413
"13300098460",1.24389117589108,0.612308459128718,1.13809503654685
"13300099314",3.97307355760322,3.60642248757289,3.41880863128882
"13300105370",0.210487566643125,0.423904476008828,0.679298943490419
"13300106208",3.32554743041062,3.39753563645776,1.69092505719859
"13300108868",0.375158850203488,0.271306350634002,0.425267835797648
"13300109300",0.249800021676377,0.201803462395337,0.180036695850659
"13300109416",0.982172256957877,1.42091455210146,1.68188535039325
"13300116840",0.765098995647487,0.647078504825709,1.55776756354733
"13300118999",0.867682269035085,2.6402948655533,1.44194469196858
"13300119218",0.60940043534407,0.654974176905292,0.614249754640006
"13300119459",0.280128421314531,0.206133200435452,0.355142407008477
"13300119815",0.3240468352855,0.526911452339719,0.851295386898031
"13300120293",1.99603548234338,1.32245415677248,1.76017313223556
"13300120377",0.434720239385776,0.889049082115906,0.480000875432403
"13300120531",0.41370211659273,0.165103400998415,0.170290919791555
"13300121265",1.03487652520957,0.3978231579622,0.589425290348814
"13300121450",0.692398770509082,1.27172256930189,0.84610595802424
"13300123143",0.221069442810622,0.384701352725105,0.678501755837651
"13300124101",0.671815578632033,0.478537392014592,0.381622175970025
"13300125281",2.04162561726959,1.72386635171999,1.1910782150316
"13300126007",2.31146023303317,0.751986113109987,0.808299989610568
"13300126105",1.85029379801869,1.11569052578846,1.10797647098222
"13300127397",0.584303817246823,0.407783194787952,0.557593387913062
"13300127511",1.07340240394251,1.86075892884573,1.1328251771563
"13300128879",0.442987751061464,0.107167923563025,0.306574202659065
"13300129041",4.04992161005833,3.9383724316873,5.0306815903906
"13300129472",0.375013831022835,0.706832052090488,0.473441400336942
"13300129845",1.93590490576495,1.16061251998234,1.11624098330368
"13300130088",0.268721576260429,0.320253338069361,0.390281054911742
"13300130325",1.4618452047033,1.03385608833373,1.86153904106013
"13300130388",0.793729927430294,0.686593219084965,0.921178015317793
"13300130829",0.230549411644753,1.24193836687509,0.625189962688857
"13300131120",0.939644324066243,0.483845393966351,0.867066929405161
"13300134550",0.915334983344618,0.687263925874538,0.416234672103575
"13300136021",4.04884230050258,NA,NA
"13300136507",0.315238917099454,0.193495493666977,0.359945906454539
"13300136660",0.895051711768952,1.0171961251725,1.18979008084688
"13300138318",0.587671566936507,0.721523284202685,0.464044791828534
"13300139441",2.35683583189125,1.41176605368588,2.70487564671864
"13300139468",1.05690809637487,0.860744170007007,0.944690708600305
"13300139716",1.27641474578993,1.26981051499845,1.19431151057684
"13300140833",0.227562908505175,0.463934882605112,0.900381234058927
"13300141339",1.00883206600636,1.49742849802306,1.00075115837346
"13300142137",4.04992161005833,4.09756101174537,2.60457439819229
"13300142518",0.922028498540989,0.740287735273983,1.21055531485027
"13300144242",0.319275945840275,0.300157183586759,0.480152689111136
"13300146448",1.66014993036596,0.963649630697499,1.07383497899057
"13300147017",0.625759410059644,0.640183278711465,1.13716175412103
"13300147305",0.5010276998448,0.356740108314301,0.530807796408216
"13300147956",0.258918469933018,0.186614483248701,0.301349123713366
"13300148122",0.384463150496711,0.661984930217944,1.46827162161209
"13300148739",1.99603548234338,0.793416896782874,1.33510144873684
"13300149035",4.04992161005833,2.60448833727724,3.35865231839216
"13300149050",0.302550014848223,0.119652402762167,0.367795182805474
"13300149173",0.252989438349274,0.325055968200149,0.448848385631532
"13300149680",0.408351957497898,0.332665649913115,0.593490483907549
"13300149744",0.585658483889901,0.860501007006328,0.729743373503269
"13300150224",0.711944938869969,1.29967930196266,0.980071810065371
"13300151146",0.915942086062593,0.894414453245113,1.04587211664862
"13300152534",0.898260371847669,1.01281619676891,0.487661457337603
"13300154163",1.32003153159365,1.56642910503884,1.17097227914391
"13300154548",0.335728074955555,0.391259713361339,0.698319129009635
"13300155232",0.452406560938611,0.507912386332973,0.412932802789141
"13300157064",1.32932877279909,0.992934242737233,1.06476550060251
"13300157699",0.202938353732831,0.381837072996823,0.451639717440539
"13300158033",0.590424891751291,0.826490530282588,0.619977922946192
"13300158284",0.622771776445038,1.41138271298003,1.07596879282177
"13300158983",1.15283412444008,0.691361910741419,0.998458290733601
"13300159080",1.09010984194869,0.726691298113947,0.933387147586238
"13300160696",0.426647954584671,0.179142034775439,0.507826011415279
"13300161514",0.286249567717186,0.257220640426257,0.386341539164606
"13300164439",1.16993717290222,4.42799629302083,1.80254075448258
"13300164678",0.796457352693246,1.15401655851703,0.691459621139385
"13300165659",0.138517878905273,0.236728353685663,0.291876609825727
"13300165836",3.37613506109661,3.31427130798241,3.66361666239512
"13300166871",0.319869924085074,0.3441280529683,0.860239699442749
"13300167016",0.227562908505175,0.509137593967775,0.802283330860154
"13300167419",0.703629132441026,0.403293299993014,0.4312448274554
"13300170272",0.592267071412378,0.529315207109638,0.625968888190313
"13300170897",0.316291255068582,0.333188099038173,0.473106778631719
"13300171159",1.66014993036596,1.2293456758429,1.49454595384392
"13300172246",1.37387455778215,1.98781705904394,1.23743969131966
"13300173663",0.437574745088888,0.282084488797903,0.53238913387722
"13300173953",4.04992161005833,1.9766512652506,5.12310987428983
"13300174205",1.51789632207622,0.718612266910757,1.0023355376766
"13300174207",1.50160666621889,0.686661777108909,1.02446878229367
"13300174380",1.10329129570385,2.55016869286094,1.81977837660394
"13300174926",0.523857512764118,0.342846241448333,0.864031746448531
"13300175016",1.31213570819788,0.952383897325255,0.541485904090282
"13300177419",4.04992161005833,3.9383724316873,5.12310987428983
"13300178416",0.440780625277626,0.382663857120805,0.340540203412144
"13300179676",0.245504439615636,0.766392366940822,0.672908686624196
"13300179804",0.806074945454958,1.12220510894029,1.93395980704201
"13300180003",0.562577044359655,0.36725791127265,0.632269326836164
"13300180182",1.06767180272166,0.987529231272188,0.275251083680659
"13300180958",0.779037259740369,0.701789371228233,0.279379382101088
"13300182269",0.337066399925608,0.310422464000942,0.453578204788916
"13300183633",1.36736768883972,1.23657242636851,0.7171963443716
"13300185448",0.7161502035325,0.572144395040557,0.535711087695907
"13300185648",1.17183052478022,1.59381057370877,0.576061558615482
"13300185882",0.596258078842345,0.923264127420441,1.06276611006032
"13300188699",1.81337754780805,3.61939492753251,2.01537212214267
"13300188906",0.774146446008514,0.591210210254333,0.74793828406207
"13300188919",0.531903806524507,1.08752143220486,1.19370951948786
"13300189023",1.80035887524606,1.52533609338999,1.61275860050965
"13300190062",0.519901494540584,0.442589772297685,0.590546188110443
"13300191621",0.222975392314899,0.669680295642303,0.570744384899543
"13300191765",0.243304555813486,0.819931758127339,1.10577597720249
"13300192967",0.563179248689412,0.368663912893163,0.58147542869545
"13300194985",0.663524376395403,0.487176012903176,0.561993584446483
"13300195326",0.70793020716962,0.495901264425308,1.08306314863569
"13300198421",0.63291670634241,1.52969890682039,0.861930181029195
"13300198485",0.717861316826718,0.649105473857671,1.12081116349728
"13300198544",1.2722263818845,1.26816567276624,1.30778057923313
"13300198629",0.397861835590135,0.525518730921911,0.598828698018992
"13300198815",0.614104766779384,1.21494937495041,1.32444257560325
"13300201247",5.80705129928998,NA,NA
"13300201603",0.312932604243573,0.613999155189321,0.659016122321318
"13300204578",1.07758400763702,1.84910439969166,1.33168214075591
"13300204962",0.409323857062031,0.323837793181878,0.309932360433861
"13300205323",4.04828454437377,1.12601831357186,1.07042896532786
"13300206105",0.177686861752784,0.201803462395337,0.231391665426446
"13300207328",0.244557742038003,0.425958766180151,0.527469513119187
"13300207507",0.583992271960007,0.561772868823427,0.807901883954628
"13300207630",1.42396599386131,2.04336457157362,1.56912653562698
"13300207996",0.234680219547043,0.321015969940964,0.392489387140354
"13300209990",1.67347089479497,1.73561942536015,2.08476389490338
"13300211822",0.138517878905273,0.108368727408559,0.177744428381476
"13300213322",2.05896085437994,2.19289003303743,1.47936635837635
"13300215161",1.11171233618833,2.56228975804505,1.49051301227745
"13300215743",0.582618306969057,0.376543940797859,0.476575046409334
"13300216112",0.810503109775847,0.960346790360427,0.322280315101308
"13300219189",0.179978572313308,0.226939179287569,0.239194800833356
"13300219935",0.196803050769335,0.263910473090175,0.169248475938152
"13300220857",1.49962971599569,0.367797697322727,0.630511680344161
"13300220988",0.757667448762824,0.665204657459103,0.785222544097373
"13300222438",0.421790830339499,0.426137272031861,0.393958712207026
"13300224967",0.488183651674787,0.414227603864744,0.524924569537833
"13300225975",4.04992161005833,3.58377334663139,2.41127189715298
"13300226211",0.930748343165636,0.937928033049399,0.576140707652751
"13300226516",0.138517878905273,0.438423430647611,0.394364387794832
"13300229738",0.367438112791305,0.281725188930392,0.148275349101483
"13300230129",0.542242981865959,0.656315779446395,0.377111645706665
"13300230134",0.901097916506147,0.572408157677195,0.58011564541562
"13300230776",0.316311007437816,0.191350693610436,0.724658885003906
"13300231227",0.242774026678635,0.147674247838267,0.600289585287954
"13300231612",1.37999505625172,1.0429291862468,1.46677953618402
"13300232820",1.22216586352631,1.4029734047597,1.24747687395795
"13300233364",0.759540790562663,0.900538856320465,0.521849378179216
"13300233612",1.31732397007512,0.757737276718657,1.18445335623577
"13300234807",1.05412320966543,0.0628819960888212,1.73154350905826
"13300235365",0.903562594121366,0.42361880959102,0.855600714398426
"13300236868",1.47164572954461,0.738798586924376,0.801569019351451
"13300239008",2.65603243331542,3.39525942533951,1.32065463295375
"13300239776",1.46076340275567,0.824662733808991,1.07723189588872
"13300241009",1.176610505627,1.0548923255072,0.746125402878804
"13300241303",0.329581381039952,0.965074000303826,1.18776658485249
"13300241409",1.1219919951924,0.980661834628917,1.45918046970607
"13300242730",0.337406513201948,0.390487412552495,0.305466427916017
"13300243664",1.36159920867797,1.647912892016,1.40265594043417
"13300246757",0.302044166995382,0.225808426621649,0.350826837524195
"13300247025",0.704352879923842,0.337625991283534,0.640094592881006
"13300247476",0.342047722772726,0.294830558340147,0.39074556656487
"13300248114",0.71855074995437,0.941845669678643,0.704713146350801
"13300248165",0.283524352170346,0.373511128078065,0.554341164660427
"13300249886",0.311569533204194,0.424143397905208,1.00740273322856
"13300250170",0.534373927399586,1.08497112703544,0.677538549900463
"13300250816",1.79266612088081,1.74625721434318,3.01717914028653
"13300250913",0.915723498978382,0.919445975245731,0.984370566914536
"13300251309",1.31329839073292,2.49823987317168,1.47146358982003
"13300251343",0.506854445837483,0.376710835967988,0.801374766658854
"13300251453",0.256039869834872,0.662239108511621,0.45469596556316
"13300251536",0.422117792305771,0.879868733381028,0.421157577771951
"13300252261",1.16385819622758,1.11299631176326,0.775746469848985
"13300253749",1.05672932965842,0.314970567370836,0.712118682588371
"13300253866",0.948456020243987,0.781955950585393,0.513778138291412
"13300253960",0.617637208818752,0.26261863429373,0.31904969511628
"13300254383",0.269364742604219,0.618180846766208,0.768049100522066
"13300256881",0.814600049433135,0.465620878878185,1.21590493858262
"13300257161",2.58670546100696,2.25968899982726,4.79315684499965
"13300259559",3.66958636478148,1.80659047510073,3.40181508278799
"13300260224",0.630964179148146,0.076232920815133,0.283079059396628
"13300260477",0.87022614293826,1.03584438647925,1.06927493344293
"13300262496",2.04560083087593,4.12260887426152,2.34653809992313
"13300262527",0.138517878905273,0.319775351012315,0.400916510969273
"13300264019",0.46661797206405,0.148670732927567,0.206248887176223
"13300266388",0.809939150311071,1.07142970898883,1.33177864664608
"13300267326",1.0951477140957,1.60354642009315,3.31860111743639
"13300267531",2.17211033832089,1.79719260464114,2.17668753515685
"13300267736",0.191472889610425,0.541676812518964,0.50231915193368
"13300269800",0.436443211159231,1.09691423524697,0.536602303221642
"13300271959",1.10337888862748,2.02083333013558,2.30626309369188
"13300272982",0.784147617512714,1.30343224253132,1.09171212514557
"13300273368",1.32005087603312,1.95258517716597,1.295556762738
"13300273448",0.723971458612362,0.966129727414276,0.62441766034903
"13300273736",7.53487037146544,NA,NA
"13300273836",0.221069442810622,0.41352356178045,0.644653803761713
"13300274215",1.60342415288779,1.25906199252303,1.14439069684294
"13300274631",0.545074959590214,0.290361064874569,0.59105335883897
"13300276609",0.39640438994056,0.581186718042361,0.342280687082893
"13300276960",5.01262101633876,NA,NA
"13300277938",0.758753763149669,1.29171615826943,0.851319579818612
"13300278389",0.210487566643125,0.423904476008828,0.679298943490419
"13300279024",0.21472273659517,0.217215805172716,0.561748262874037
"13300279185",0.61100798714043,1.40291368500808,1.11972229572546
"13300279669",0.270271837190848,0.334345792013161,0.289523524097244
"13300280388",0.330633431002597,0.0984231815872662,0.388814428661724
"13300282141",1.40040107960571,2.00499086547533,0.754528987096352
"13300282605",2.03620868780278,0.724635641703212,1.02135255367914
"13300282624",0.583992271960007,0.232788442728336,0.343759002564004
"13300282799",0.548390546780615,0.868724025695571,0.568145043392372
"13300289885",0.933139014183158,0.993015168489662,0.668665065562196
"13300290356",1.87703969033125,1.48297923486756,1.48689917915547
"13300290479",1.97957141253495,3.69661774137817,3.54159371494183
"13300292268",2.81885435318976,1.32028927120543,4.03945363666016
"13300292373",1.22823602797845,1.35766116258902,0.260422790186682
"13300292514",1.5578871717087,2.15222988400684,1.67551046153271
"13300293514",0.498168356213344,0.683801798687233,1.33195572374073
"13300294559",0.553716361247266,0.34061921479793,0.505004367837794
"13300294842",0.570272066916999,0.538959064075963,0.687023265560544
"13300297593",0.573195917313088,0.395283746581166,0.468268189650279
"13300301630",1.15357625866872,1.05274113827593,1.77068708760312
"13300301794",1.59533982346872,1.54041964656756,3.87231189354737
"13300304981",0.655311650830137,0.254457385850403,0.71447908312082
"13300305065",1.17205554613887,2.42019054281775,1.62214469489817
"13300306054",0.337066399925608,0.284176738046466,0.441417620634903
"13300306333",0.880121220966871,0.665949956953377,0.957907500727679
"13300306759",0.63182976823079,0.492590650937805,0.449158332223827
"13300306895",0.986324073990434,0.46745153210664,0.493633330860314
"13300307605",0.491523510519207,0.78499631004749,0.966612803432887
"13300311139",0.138517878905273,0.569604513455736,0.382346497127622
"13300313355",2.45779308751724,1.64716255867785,2.6139344499629
"13300313371",0.7369119343194,0.827526006677962,0.961976710030205
"13300314361",0.454699399107813,0.584575118349931,0.759728470983683
"13300314760",1.6024769261013,0.526721352433274,0.663597737431807
"13300314803",0.199811174815065,0.193495493666977,0.389518363814013
"13300316497",1.06774754083504,0.942989288666694,1.08831620728716
"13300317052",0.869587957388861,0.852358958634577,0.761625386839495
"13300317752",1.48505237604995,0.816874654562457,0.827729082346156
"13300319466",0.450043290496565,0.34368568707563,0.342202029785194
"13300319807",1.80829549853889,0.788054555897901,1.51589397976524
"13300320148",1.19942678352474,1.02117725535427,0.929554765603223
"13300322431",0.528817189658158,1.15476980144399,0.73933349619835
"13300323861",2.96217772747248,1.65288385634494,4.31618679948455
"13300324274",0.633061766975165,0.562735503999863,1.36536960773035
"13300324595",0.936503481448919,1.46298607674067,0.386590442738895
"13300325240",1.63946206369096,2.32419970517551,1.4736320292192
"13300325857",0.669751309748965,1.17432174221574,0.974319670826571
"13300326888",0.212289516228889,0.127473545749955,0.107111078229982
"13300329362",0.537954986280371,0.587784794844185,0.548072927339175
"13300330293",1.07146338971113,0.656853394633397,0.990956804465858
"13300331992",0.608832280539586,1.10371706054621,0.4010635240341
"13300332041",0.767430133586168,1.18642416121098,0.147597085924587
"13300332112",0.60940043534407,0.471039279308764,0.414781708898299
"13300333668",0.245504439615636,0.597555404937332,0.552801297526976
"13300335030",0.291811682714262,0.167002788751987,0.11746445984685
"13300335902",1.05075896479652,1.67172319411299,1.04030542964413
"13300336644",1.56230100189508,2.53905874471911,0.56670219635657
"13300340151",2.73040319037632,3.86266148761475,2.78101093001662
"13300340767",1.06829226676584,1.60118221558697,1.37803490341278
"13300341122",1.31434547850946,1.41317310897042,1.21779164414902
"13300341470",0.61472218789505,0.608436587378881,0.832714705333882
"13300345277",0.406866520952014,1.39491544341093,0.869490407609302
"13300345320",0.31289990485843,0.314689899256991,0.386244501060787
"13300345861",1.70143373046204,0.687673079081765,0.88679348338766
"13300345937",0.379960326663421,0.0910461091040974,0.0931899020211345
"13300346831",1.06584899142438,0.52827587015626,0.528495028849428
"13300348926",0.791628847521648,2.57862407078756,2.13045451010296
"13300351268",2.2107821708609,1.30111347168098,1.35051228066888
"13300353064",0.482977814312765,0.362459953178988,0.624642275274766
"13300353426",0.540716086666194,0.790940144523359,0.474397309832733
"13300354283",0.590914660230576,0.35815467089182,0.854318365615596
"13300354513",1.54867539223745,1.85969561320078,1.49980957906825
"13300355739",1.67347089479497,2.16869731059287,2.26437500524605
"13300356432",0.796258685532088,0.49219419945493,0.879017093224258
"13300357596",0.570272066916999,0.595308851745964,0.701346049079075
"13300360504",1.18233839466131,1.08423789218574,1.2702299835949
"13300360506",0.78450868883928,0.784514675325848,1.12970307271343
"13300361581",0.655403377233591,0.785578024388647,0.875797719149014
"13300361673",0.444348381831905,0.383106458514691,0.334528463912961
"13300363081",2.05412250503445,0.991015511519569,1.27934544223255
"13300365314",0.138517878905273,0.521692794581222,0.503633906875005
"13300365352",2.47566129678978,1.25987999825277,1.44697066989033
"13300368525",0.434765358094423,0.509630787726338,0.584003580741609
"13300368688",0.713750714157759,0.607726969837176,0.788803352017598
"13300369780",0.379691353555483,0.183790017119465,0.213328861160754
"13300370487",0.387664213685093,0.556087073171367,0.559721753102115
"13300371214",0.234680219547043,0.2466428687193,0.503252366906987
"13300371250",0.268819856877989,0.50720674146362,0.553286116704402
"13300371446",0.513669961107818,0.899377922166287,0.655186426283383
"13300372165",0.922460339792963,1.0258182542354,0.891105024562161
"13300372362",0.500905919390897,0.227065719401431,0.15201513430544
"13300372916",0.832922315307535,0.558872478896131,1.5285253865792
"13300374705",1.08478513871512,0.707773299964258,0.408253767370142
"13300381336",1.31649197765438,2.09862272402394,2.27038674890855
"13300383282",0.707248697135367,0.444630654300801,0.54833189619254
"13300384236",0.83801259659959,0.731221761585014,1.2207023794091
"13300384470",0.383860884053651,0.380428936387994,0.486556785191828
"13300386106",0.431683105170488,0.446753527966249,0.240684184584702
"13300388505",1.02311926814535,1.2153546980418,0.488501881576152
"13300388598",1.29343338266143,0.401862019147334,0.334202735726864
"13300388933",0.663524376395403,0.435956809597396,0.762992570931735
"13300389130",1.43662135994398,0.723550682350802,1.43922377568446
"13300390891",0.565876041073588,0.538694235812509,0.161786427222108
"13300392121",0.385076038530735,0.542001414377914,0.246296113474297
"13300392360",0.625794440719226,1.10139516217713,0.39266789689854
"13300394423",1.22779888801578,1.0348049002835,1.22106964526049
"13300395138",1.21450298506447,1.3524331133713,0.966838180308936
"13300395596",2.8985912160621,1.94651637303158,2.28572049456379
"13300395602",0.369686990750761,0.700469484474101,0.58362457190991
"13300396202",0.590424891751291,0.954052675730921,0.614777051614677
"13300396521",2.48047441096344,1.43493322868023,1.84477234535536
"13300396830",0.939438713243556,1.5949610318766,0.6952021533469
"13300399800",2.29987743128819,2.20386985560035,2.07379622143279
"13300401877",0.380515164042261,0.0910461091040974,0.0931899020211345
"13300403234",0.259078638052207,1.06770735407864,0.616947523202578
"13300403636",0.249800021676377,0.279980832668875,0.286913287674131
"13300405077",7.53487037146544,NA,NA
"13300405130",1.17992074076898,2.84646242102055,2.22275255028491
"13300405477",0.343111040875085,0.363600485460333,0.713225463275587
"13300406455",0.707965858521265,0.632724193256745,0.788457701539129
"13300407777",1.02311926814535,1.22078811940597,0.56640090634429
"13300407844",3.38840058499895,4.39458276445672,3.15301632739792
"13300408247",0.400413015466682,0.266421361441708,0.131680052923025
"13300408481",0.512903381757098,0.696194784290824,1.08254563163175
"13300409457",0.43267353130339,0.485220305490255,0.430963805280752
"13300410946",1.06847143189839,1.59695302704911,1.31669144323462
"13300411146",2.9407693115445,1.19467606809646,1.17819946886671
"13300411926",0.221424873755439,0.155710487216808,0.435524193394676
"13300412046",0.983904651569345,0.521373843629709,0.556021453376254
"13300413384",0.490720909938479,0.657195362586212,0.247870898052612
"13300414248",0.776547247766669,0.414002050283344,0.230595166205198
"13300415442",0.872755332634807,1.33523147726354,0.970273965927955
"13300416589",0.503226532730652,0.379756469841923,0.416820839687449
"13300417539",0.796900078753714,1.34878859934635,1.33964465940459
"13300417837",3.73842483526785,1.9488211496822,3.36032683377405
"13300417960",2.0305563319601,2.72081898424081,3.23479988854188
"13300418393",0.33295711648789,0.225161415878822,0.221448134573727
"13300418506",0.428498739823478,1.52880556574964,0.419573832077423
"13300419835",0.806857291167687,0.30230861751438,0.252360761549109
"13300419877",0.316633458565873,0.206993974795161,0.518787820174364
"13300424366",0.372414108158788,0.476991796005039,0.526793133852269
"13300424501",0.222984002054451,0.231396408364929,0.456005458261857
"13300426487",0.344780096769021,0.373410662643543,0.365369939670563
"13300426682",1.02967575826625,1.2880140503001,0.887355704960412
"13300426802",0.41744723648783,0.761702835588519,0.666570822132285
"13300427077",1.76475276365472,0.544500983647491,0.614357027692047
"13300427556",1.47819702256732,0.600747186665053,0.405023520686513
"13300428048",1.02320255348837,1.3003895684494,2.06066651759277
"13300428130",2.55757086213925,2.29115865323184,4.4164944413248
"13300428602",0.474806311251721,1.3074638689884,0.756305663284539
"13300429355",0.35616070073325,0.364028094766227,0.468593194636482
"13300429477",1.3049808125134,0.866202057352168,0.573692549419096
"13300430766",1.54556853787658,0.461751216546921,0.851653784508366
"13300434453",0.357310589171143,0.789497636898925,0.751098739758796
"13300435168",0.640502652566654,0.844399300379434,1.19558093640012
"13300436225",0.82956761446128,0.740671488369388,0.547319197205387
"13300437653",0.397151006104446,0.415561906508406,0.696800597540869
"13300438016",0.39640438994056,0.581186718042361,0.342280687082893
"13300439222",0.910140271755439,2.49323931763206,3.37599621306095
"13300440857",0.599025253548375,0.856561245643729,0.955199686089322
"13300441378",0.644098712375798,1.53373450757998,1.31477387799944
"13300442361",1.37941492951771,1.17222363486031,1.36660100427423
"13300442768",0.518882608087738,0.758472932226961,0.687259141727379
"13300442979",1.83731186765113,5.11572563035829,1.56837607193067
"13300446047",0.676542718782765,0.25199104080321,0.315321880702864
"13300448025",0.737866727723698,0.431364010078624,0.596838776836839
"13300448566",0.687926072950013,1.08033655901901,1.12271313956431
"13300448783",4.04992161005833,4.42891305701079,4.79254845898751
"13300450949",0.23145818448971,0.201803462395337,0.158425745952066
"13300451383",1.52329900057322,1.0288153117452,1.38208958645474
"13300451701",0.192634106971456,0.0841085184259617,0.174370578661612
"13300452077",1.04617141488148,2.88299700233394,1.33475146968151
"13300452684",0.340502601807448,0.265890061318624,0.321651081421664
"13300454275",4.04992161005833,3.12358022004711,2.21040731432105
"13300454581",0.532318093018494,0.916166107105597,0.5876719298155
"13300455848",1.10143809915822,0.815072532645678,1.00345371940263
"13300458616",0.620714699044146,0.975106122644583,0.815652590052308
"13300460916",0.651633091803179,0.965005695917746,0.971780102595095
"13300461239",2.01518508063203,0.679999451569815,0.683854619298149
"13300465381",0.530571725855305,0.393823230012803,0.515699591410883
"13300467424",0.421790830339499,0.426137272031861,0.393958712207026
"13300469212",0.264819717124164,0.391003422368109,0.574540425790276
"13300470951",0.749835533248958,2.13079794464217,1.68612262580035
"13300471408",1.97818130653897,1.09154849649935,0.355878261491664
"13300472491",2.14283462342594,5.0310754394159,2.14730331617282
"13300474904",0.547693313716178,0.692758270962896,1.15397890675888
"13300476567",0.508472325532693,1.49687560854527,0.949603844592019
"13300478359",0.569340126418053,1.1139987108545,1.05205563516885
"13300478995",0.585658483889901,0.849835385253127,1.09895729165347
"13300481710",0.248493054512476,0.192401767682239,0.199767103343412
"13300482102",0.890966834627109,0.980367932804731,0.459202134977519
"13300483114",0.212289516228889,0.340728132626431,0.207258094204413
"13300483454",0.509738837881962,1.65210864813662,1.4727369696234
"13300484194",0.346112371692721,0.429726936283474,1.1161994788178
"13300485917",0.580575062110883,0.234802642552863,0.465088725447386
"13300486119",0.138517878905273,0.224484833649975,0.210594198103417
"13300486445",0.563179248689412,0.949913919347814,0.919028207981933
"13300486631",0.680675200034105,0.612062331944735,0.929769348168803
"13300487818",0.391734644941438,0.511294762824498,0.531917935906352
"13300490227",0.682770015601842,1.12200316187976,0.870452928285295
"13300492038",0.380133116189057,0.533082770772669,0.726182581363553
"13300492069",1.051055473156,0.743129137596899,0.571820209715026
"13300492577",0.810926101366391,1.80919839547704,1.42140812256694
"13300492625",0.215191529961199,0.262191146427658,0.448102958549174
"13300492877",0.727722939387312,0.809614440281347,1.13283910193093
"13300492994",1.32799498322389,0.500534435942452,0.967344724348756
"13300493737",3.47186332494214,2.08170529651026,1.98395671895023
"13300495692",1.20338371141512,1.73151820467968,2.63695955160432
"13300496018",0.948456020243987,0.857650938886487,0.6961679271129
"13300501392",0.942134343222557,1.28914294167218,1.08748350013182
"13300501779",0.313448867473815,0.172560735758214,0.320331934873205
"13300501864",4.04992161005833,3.48542902898059,3.00293884438159
"13300502037",0.354378966032672,0.189982890538448,0.248756608513304
"13300502126",0.563179248689412,0.285414598414277,0.818604727372136
"13300503519",0.271599303914751,0.774958025530429,0.803611028450927
"13300504120",1.73883039462322,0.56244333163153,1.31307925507163
"13300505643",1.17572883079269,1.17557978033938,1.23540298005637
"13300505739",0.202542840226377,0.452444664171355,0.459075346379197
"13300505960",0.756650397452944,0.739080698095168,0.575040046787831
"13300508022",0.319275945840275,0.249993258325064,0.392972043051119
"13300508854",0.138517878905273,0.768309690873171,0.262743572387352
"13300508964",0.942134343222557,0.675680521158298,0.495814479373047
"13300510960",2.03329186513023,2.29374908170795,2.59799583828823
"13300511151",0.92242677929128,2.35724671646879,0.963297229911645
"13300511160",0.591786046804412,0.654756724447615,0.48787399358394
"13300511317",0.603312124424122,0.184328973404961,1.19921951342952
"13300511558",0.216721369941469,0.159689996810307,0.536839271252989
"13300512962",0.18639394480893,1.03849932931215,0.65345413194811
"13300515883",0.49771380068944,0.581000309906855,0.41431501057862
"13300516906",1.62795832829627,1.4609342708027,0.981410147324659
"13300517002",0.367027367175051,0.432143006236277,0.384014326573528
"13300518464",0.668927077817801,0.38217290490106,1.25515409481637
"13300519987",0.381535983441419,0.769792538694045,0.674191397059042
"13300521285",0.402369854051199,0.603215976243988,0.579049484009526
"13300521996",0.312725519190662,0.426584804590315,0.685367665961624
"13300522460",0.758100890416109,0.88288576453204,0.719015693742014
"13300524603",0.265322598552159,0.455009127655723,0.531140073900626
"13300525382",0.723214161720143,0.801043696377171,0.938415803944139
"13300525434",0.345929043075378,0.274949317647229,0.367993141848596
"13300526682",0.47739399459315,0.653394485198466,0.479104915254726
"13300528296",1.24238458750658,0.497453263185133,0.5403596250888
"13300528322",1.54096498144047,1.69305307463808,1.06624891872843
"13300528845",1.08373761033005,0.603077606813124,0.71172934574828
"13300528883",0.795484952479404,0.621710247883321,0.429815904521844
"13300529193",0.344087093003538,0.232965372713228,0.105329026566723
"13300529503",1.0147813090886,1.4830009405097,2.24572601514426
"13300532156",0.30981093646006,0.201196935059495,0.399244117386643
"13300532435",1.68684394402613,2.21404999251597,2.92013186739049
"13300534553",0.382031058028722,0.416991638304475,0.712396625502698
"13300535004",0.589188107155339,0.434601373968295,0.630855113738092
"13300535013",0.54381445188471,0.623229298625094,0.881864477251096
"13300535936",0.934846904265699,1.38402760431186,2.95902553136137
"13300536187",1.00892406580107,0.709415157878788,1.16756271279984
"13300538960",1.33063869985438,1.16333189882874,1.39968762190269
"13300539461",0.532318093018494,0.916166107105597,0.5876719298155
"13300539855",0.395125773076239,0.399835456273991,0.31963451098873
"13300540173",0.439341183446664,0.551634844504137,0.431922064098195
"13300540925",0.650501113672127,0.747060388187102,0.602162750730956
"13300541600",0.139095900189839,0.396784747264678,0.375692101954386
"13300542251",1.64623332785305,3.13101292258959,1.58022937948965
"13300544118",1.13493308723512,0.434073063936165,0.341215240949669
"13300544249",1.02752738382235,1.2735415375466,1.28668145286611
"13300544452",3.0396015063577,3.58180141490046,3.36916158480053
"13300544915",0.424651568433592,0.184323828416563,0.29099429752298
"13300547538",0.693608032939039,0.512978288566492,0.660904106288752
"13300548892",0.834791918624874,1.17362772809165,1.28006055449411
"13300549433",0.548262532455315,0.983917192529722,0.642138864888779
"13300549491",5.09074677620809,NA,NA
"13300549719",1.15265348138956,0.985718466495258,0.128599148870818
"13300549766",0.599025253548375,0.856561245643729,0.955199686089322
"13300550348",0.328819789859224,0.322294270496216,0.62231341257038
"13300552944",0.684074246597275,0.149039626761025,0.313505493081838
"13300553171",0.291661135812039,0.327170979413344,0.577346066527055
"13300553284",1.08679581406663,1.15267634559093,1.05408969604116
"13300554594",3.58151640146086,3.48093081861981,5.44091599682279
"13300555621",2.8255317993623,2.35052671848068,2.13266800061885
"13300555641",0.48681008316383,0.529803319151702,0.718885927107531
"13300556087",1.24389117589108,1.20588984595223,1.2031871254157
"13300556348",0.381535983441419,0.903384955147523,0.888860731678082
"13300558054",5.08047652461561,NA,NA
"13300558465",0.926536574823807,1.01474347156807,0.896267710145777
"13300559081",0.36928396430853,0.263126726259635,0.281406214658948
"13300561043",1.14715400208071,2.03933830218385,1.23714129509329
"13300562724",0.818731194015278,0.751009014569244,0.459054641431984
"13300563101",0.536420243042553,0.333044167505939,0.82970812467706
"13300565116",0.221424873755439,0.0868245742070614,0.177833495615468
"13300565723",0.313448867473815,0.429784199956991,0.935544585559722
"13300565785",0.697466139241767,1.03069789533397,1.3404779498065
"13300566814",0.861474350293074,0.874812190554353,0.425326805954618
"13300566904",1.09424518515465,1.81803038894056,1.07992118453708
"13300569261",0.423299524482358,0.401506033002941,0.295863499523002
"13300569438",0.443258086730393,0.389727944510408,0.36750450398004
"13300569611",0.39698386700395,0.331669624268298,0.163873915422435
"13300569680",0.406784814353209,0.994309139696635,1.22410192422786
"13300570283",0.792515529600079,0.710902833680314,1.00820258958425
"13300570347",0.889331338720336,0.445112667122429,0.956407624600342
"13300570356",0.231092050994167,0.747365400716082,0.774840901202252
"13300570357",0.997482545072903,0.955189812025703,1.38969642283986
"13300570843",0.19303931031183,0.618758351133271,0.811012398913251
"13300571293",1.09141758800034,1.1906145541509,1.47814871884679
"13300571999",0.363706789733768,0.140941723707289,0.411035527373702
"13300572836",2.16610854722411,1.13740623176773,0.861282774984183
"13300574748",0.344896601819866,0.436145911842613,0.669601001150179
"13300575207",0.470512064385972,1.0099946698926,0.666043073597551
"13300576225",1.99928922752624,2.55644429117656,2.43705999383608
"13300576751",1.44489818286083,3.52110420048181,0.595806551621269
"13300577028",1.82220974318265,2.452838125398,2.97892471067417
"13300577375",0.923603348617181,1.08783638362776,1.01030525555884
"13300577632",0.530571725855305,0.434810339436939,0.526406829806466
"13300578431",1.23456212364653,2.15666397989852,1.14975937438027
"13300579929",0.590914660230576,0.615202780424562,0.738516389508342
"13300580920",0.908538825907142,0.660768086176077,0.825387111061681
"13300581441",1.0162565157589,1.14164662310123,1.08845228349422
"13300581954",1.33807583746365,1.75253936805788,1.79488404515093
"13300582073",1.57268448978803,0.634090502418829,0.689972938970864
"13300582723",1.02116290355645,0.97414019015018,1.53013771097985
"13300582986",4.04992161005833,2.05606456524533,2.8864981125268
"13300583030",0.368390771918416,1.08607835230965,0.557887463963684
"13300585861",0.268819856877989,0.481953508874978,0.449938357877313
"13300586701",0.865728243967277,0.643845460094415,0.353345369987539
"13300587521",0.982172256957877,0.780067053283726,0.978737554054183
"13300588090",0.593453877997005,2.34058881891061,1.18956136009864
"13300589535",1.80980611448463,1.62224700083989,2.12301342230746
"13300590562",0.548316151617109,0.0815922316170763,0.476917612951752
"13300592116",0.931037305198279,3.25050359458233,1.39576156340026
"13300593060",0.635919861760922,0.405531097410645,0.214223362654906
"13300594319",1.90642938819435,2.85042836970194,1.6752233447448
"13300594638",0.404078287008258,0.490820790641067,0.651912453794739
"13300595553",0.462268364807949,0.777418362508861,0.36470945763176
"13300595596",1.28270377015309,0.323225331940668,0.469686745156436
"13300598113",0.54381445188471,0.73672035559591,0.911541442816866
"13300599193",0.832922315307535,0.437633055204278,1.36023695303805
"13300601000",1.44319258340726,1.02366542264055,1.0035817034249
"13300601622",0.677134435669633,0.586009936345875,0.687706161421132
"13300601908",0.411949333345165,0.421741337080726,0.4102672369605
"13300602685",0.73929499792083,0.480812432615047,0.463730521163442
"13300603537",0.194737286982526,0.282061954764395,0.397360200612271
"13300603933",0.752758437500342,0.506521570699247,0.680354184698573
"13300605119",0.273564895438649,0.272581194328741,0.138157491079029
"13300607599",0.599950352494003,0.568879021172892,1.07074918037474
"13300609435",0.614856340520273,0.583416472283296,0.674730914699138
"13300610865",0.185360673050717,0.462258474958486,0.421129594474934
"13300612591",0.305983723486074,0.303122367637104,0.390364436742846
"13300612836",1.59696207226909,2.40505044348044,1.90583101011717
"13300612926",0.315865933941971,0.102510390712866,0.373189787226602
"13300614282",0.625465567559258,0.627158663605947,0.659841887500361
"13300614360",0.728204107803914,0.541135447724093,0.688257920372211
"13300614985",0.423855680449568,0.0725538802964307,0.224959628721711
"13300616280",0.563179248689412,0.555902681199999,0.543501962433642
"13300618272",0.554886821506949,0.461892942894661,0.799506985039967
"13300618348",0.326944561155528,0.730425774006574,0.324054867272401
"13300619059",1.33671743531138,0.43710354105503,0.608692433024467
"13300620028",0.798435237670557,0.622938224725429,1.18098399917009
"13300620441",1.00711658710885,1.14620730629661,1.61783095000432
"13300621339",0.42770023928837,0.83286014520288,0.576907979391688
"13300622784",0.958743815708073,0.513105723352624,0.962783563985755
"13300623607",0.930762085086543,1.24630687156301,0.713844386471603
"13300624651",0.311517655334352,0.122705548860935,0.338414454358441
"13300624974",0.589485536172174,1.18285925109884,0.632506550915934
"13300625586",1.7678557218274,0.534755478145699,0.851516641629399
"13300626249",4.04992161005833,1.18302647818052,1.72297325445305
"13300626767",0.357310589171143,0.337214971506188,0.341737812886705
"13300627056",1.73956514103805,4.88858870452577,1.44114461513105
"13300628177",0.982858300434985,1.40050813656756,1.51171665675179
"13300629007",0.429263568492245,0.424423738209811,0.508092156523546
"13300629222",0.462131505757659,0.355676262553356,0.334740508860601
"13300630727",0.654323871378441,1.24190825115699,0.871724621569798
"13300630754",0.293727669619483,0.569993585701818,0.582143669949459
"13300631935",0.389518310991989,0.261342899763263,0.20330143545874
"13300632188",0.926754028311747,1.47736611827708,0.919162160882879
"13300633835",0.407076929916718,0.553953712886347,0.520137696381563
"13300634491",0.87022614293826,0.483510457186895,0.453586804691865
"13300634501",1.47375881168941,1.84265173407901,4.11455962283751
"13300634838",1.29664856398608,0.832437712712616,1.54098175924792
"13300635150",0.532456832845029,0.717463029459841,0.567520025954446
"13300635502",0.491523510519207,1.04060833358411,0.771373746393743
"13300638070",0.348513436671917,0.178369918445404,0.0786116535391373
"13300638229",0.39640438994056,0.291331259470449,0.148275349101483
"13300638587",0.266350703787247,0.245012871773268,0.429520301713231
"13300641262",0.620897632883568,0.389614309425169,0.54871081530083
"13300643824",2.31337024848488,3.8879348920216,1.61323047720404
"13300644721",0.513093823437729,0.872819973416314,0.526966090248817
"13300646233",4.04992161005833,3.03840566810578,2.72843640625809
"13300646439",0.590424891751291,0.576509409999192,1.25779964639258
"13300646672",0.509659698780441,0.626151778384962,0.427883740259954
"13300647241",2.08050441777094,0.829926325047223,1.46582308107818
"13300647895",0.795687543526904,0.475848221464176,0.777729293304655
"13300648550",2.03777317125234,1.09775651996138,1.1805158294799
"13300648983",0.212593116683611,0.342806903455702,0.445340549500431
"13300649121",0.238753602892132,0.248926643984687,0.392052021818126
"13300650252",2.35298867203246,2.2413135556037,3.13987812102162
"13300651418",0.436443211159231,0.190899583947583,0.277364651318785
"13300651642",1.044315367044,1.72491681887232,0.793246550788343
"13300654427",0.494716021507642,0.381867826689158,0.438671960261001
"13300654836",0.297187267673076,0.608716954583513,0.382885054335314
"13300654950",2.13355844715924,0.640659688388938,0.581696725496132
"13300655141",0.274574802239176,0.973148686188012,0.58523088948248
"13300656174",2.50834456021797,2.29028543323015,1.75925321033123
"13300656260",0.438723666964557,0.578315870587549,0.271993818288228
"13300657400",0.61100798714043,1.61802589700292,1.20627806876902
"13300657867",1.06290376622901,1.70485579294715,1.46311384777959
"13300657886",1.29113089759853,0.847342981570812,1.03255874684292
"13300657978",0.375044217448745,0.672542630504418,0.318354218878837
"13300659268",0.39255139556338,0.14994333121057,0.307424284483152
"13300659532",0.448104144145658,0.594930155880494,0.471391127177812
"13300659561",0.697097685344048,0.723250417491969,0.888932565932255
"13300660214",0.41370211659273,0.288383557267284,0.331306575539399
"13300663852",1.11857126874943,0.491839544014948,0.53822857634737
"13300664188",0.293727669619483,0.452846829320569,0.567562247817699
"13300665885",0.574720303341912,0.466952276618066,0.601663384474222
"13300666011",1.36358003437693,1.02082203087372,1.32591042647576
"13300666276",1.21157802742584,0.880146111508784,1.55163242339456
"13300666959",1.04772779604559,0.941748145219325,0.892857836841775
"13300667029",1.11043424895453,0.936195883680487,0.655543279796173
"13300667064",3.05948651764259,2.81842180659372,3.40173255092569
"13300667640",4.03247442104323,5.69490412110946,4.64648051790982
"13300667702",3.08575436040066,4.1642108040221,0.931794689267009
"13300667879",0.553209039825608,0.987853672062611,1.15748838909258
"13300667890",0.756650397452944,1.08526024230107,0.734453153244607
"13300670361",7.50412109282441,NA,NA
"13300671013",0.391769011328483,0.532272952993501,0.477422133319669
"13300672298",0.66383723486304,0.289057294072594,0.272937687099613
"13300672639",0.31289990485843,0.335753314883476,0.424037830051025
"13300673127",1.35958206600862,2.71381181548866,3.63463550880875
"13300674595",2.48603040982991,1.65439869740825,2.06232159841083
"13300675096",2.5316578680229,4.62504644303464,4.02805689902606
"13300675857",0.712929750077631,1.57657642375405,1.02059430553846
"13300677058",0.138517878905273,0.436476495252562,0.502924528051654
"13300677322",4.04992161005833,4.99105352051023,5.61934571335293
"13300677737",0.546790528656662,0.25044054580845,0.220477676818169
"13300678213",0.209468541289629,0.191620043941012,0.388011216186437
"13300678325",1.28360759352182,0.65480944719415,0.593910214460076
"13300679637",2.41590871308206,2.09212271823511,1.01826795317971
"13300681488",0.500594304996797,1.11224041830828,1.27644462972182
"13300681723",0.687926072950013,0.787335657830321,0.912594982785375
"13300681826",3.3271498766094,3.99882940805281,3.42666755761823
"13300682332",2.3175728538353,3.4146634317637,2.68731255433194
"13300683514",3.28876471312488,NA,NA
"13300683591",0.447906489826256,0.5633597403748,0.721282369774896
"13300685560",0.342047722772726,0.176014729352747,0.467969368507618
"13300685564",0.871185492976655,0.612395062397176,0.46013517552356
"13300685844",1.79778228056929,2.56876779899131,1.37942948239694
"13300685936",0.39698386700395,0.696789632145594,0.331665896214578
"13300685983",3.18458748633855,2.74056076117622,2.74746794204269
"13300686352",1.37808408422879,1.86494727990304,1.53854673811273
"13300687153",2.81170682476313,5.43043345450474,2.33888984997768
"13300687595",2.75715004441057,2.9677787036333,4.19563987724835
"13300687625",0.524564767642171,0.296068384857927,0.422882345801036
"13300688463",0.359240946783186,0.329177695608694,0.639823975631434
"13300688475",0.601291730906493,0.86059070761887,1.0239917890359
"13300688652",3.12692459661897,2.58548709840551,2.11381797013762
"13300689335",0.230264767857095,0.555414346492597,0.389150766279847
"13300690112",0.713355516944338,0.877653966562303,0.772106321438197
"13300690402",0.671471311100035,0.792547816307216,0.809175578131693
"13300690545",0.265336187909643,0.317603101736174,0.472213536525652
"13300690625",0.242774026678635,0.296186812585553,0.494049572048766
"13300691640",0.502173477925887,0.786295877206563,0.915099466138925
"13300691670",1.13713909938867,0.773126938169206,0.754822049941371
"13300692322",1.12272610524483,0.974013903433052,0.916288913122393
"13300692549",1.20944874033159,1.93173597788234,2.01587401413297
"13300692637",0.379960326663421,0.214599604403494,0.173576400616134
"13300693198",0.984601981116505,0.238808652330643,0.403992428610164
"13300693466",0.874526027899624,0.702038853701129,0.96823761348995
"13300693822",1.39216830871815,0.840387079371041,0.420906291834902
"13300694054",0.661520485495174,1.11187339367082,0.500753889772546
"13300694101",0.588772866609341,0.328592859432634,0.647545173638711
"13300694339",1.3603218776214,1.80267220772516,1.64654807987221
"13300694916",0.774146446008514,0.591210210254333,0.74793828406207
"13300698484",0.796457352693246,1.15401655851703,0.691459621139385
"13300698522",0.506066156897296,1.41564698288944,1.51357750075174
"13300702913",1.56737612103633,0.662860838866943,0.379094803117421
"13300702968",0.922381977511837,1.65735861569657,3.69220480994548
"13300703325",0.974373915721894,0.808278820401019,0.88506414094663
"13300705283",0.466848707106616,0.457344790891881,0.307992780960904
"13300705786",1.63946206369096,1.96048977821305,1.14651801726102
"13300705957",0.967066537260023,1.30898300119883,1.3427114751155
"13300706358",0.966451590850081,0.586922854700518,0.331672854947994
"13300707241",0.324907577996765,0.517840914711184,0.420259525890611
"13300708782",1.05072046419454,1.76798106450323,0.591123747741444
"13300708931",1.01059230282189,1.44880061488598,0.763159235930995
"13300709273",0.26742467110933,0.114022542963605,0.4516045084134
"13300710197",0.241545032857025,0.444764752704224,0.475665595551347
"13300710599",0.781302887991813,1.19378181908794,0.848766618231589
"13300710709",1.70745521250342,1.49257514003805,1.73837031398541
"13300713317",0.915172557996057,2.12240168626433,1.66776755112879
"13300714394",0.342153391314579,0.488099804323375,0.769173913022448
"13300715052",0.408434245544594,0.246219869651577,0.403843580356684
"13300715627",1.85244303344881,1.33844120474704,1.31471286356995
"13300716110",0.59263064233136,0.947840736641462,0.89563881857805
"13300716558",2.81377292905475,0.840461827746492,1.13877765145282
"13300718061",0.392350247742529,0.581031243662857,0.568691183841158
"13300718531",0.552433196788978,0.679118300423773,1.10535493266038
"13300718611",0.785137890727704,0.971656811553765,0.974480660503629
"13300719774",4.04992161005833,4.82642461068181,2.36018480258422
"13300720385",1.36553610646389,3.57838261547058,2.83053000210276
"13300720996",1.41670479985971,0.913153576673876,0.748499744297661
"13300721430",1.07148502383012,0.849679255466426,0.746900120260413
"13300721810",1.22810760845298,2.40806016545428,2.22221638329822
"13300722291",2.46732647188867,2.26818525702575,1.14657849703498
"13300722646",1.85244303344881,0.867591469806426,0.935966535951993
"13300722673",0.815424380947723,0.86641588505423,1.26246011533105
"13300723369",1.15208684563874,0.824956091136725,0.709679618229963
"13300723603",0.70199036839447,0.395252438680196,0.403654664169594
"13300723993",0.344978129786054,0.1759250381388,0.38149727714347
"13300724039",0.836316160354911,1.5676960123365,1.21090361137888
"13300724363",1.65408118614626,4.5306791857508,1.94887614372913
"13300725453",0.138517878905273,0.20002730792229,0.244977213663001
"13300728151",1.64251706075546,3.14852180530165,4.67451212942155
"13300729103",0.897742006511307,1.52634430103061,1.19553489849473
"13300730003",0.832922315307535,1.28922176525213,2.12313870431157
"13300731342",0.378320051036642,0.409234333409497,0.755337898502497
"13300731372",2.14645367754984,1.42179814467174,1.69982038070116
"13300731770",1.53261132456914,0.979351861076422,1.03374675715122
"13300732127",1.06818205752649,1.68347970728237,1.45034147364945
"13300732584",0.37129203559565,0.481185021071338,0.515708788356739
"13300733441",0.284372831065501,0.66574255652953,0.42833024015183
"13300733453",0.842435171566514,0.624104347144761,0.633441357001483
"13300733818",0.676565471440736,0.684683356904968,0.537893266813352
"13300734028",3.18817938409721,1.79357187142315,4.19563987724835
"13300735573",0.155256445761992,0.171053072343927,0.3650360222427
"13300735772",0.169458970850072,0.248757792966373,0.697656801072482
"13300736020",0.418888946639926,0.501800138845269,0.379313744644291
"13300736391",0.557016758318952,1.21573492677053,0.537988577756268
"13300737090",1.79550590406718,3.82672655876321,2.26626846841229
"13300737500",1.20953696919205,0.0878613230181155,0.530385274588951
"13300738733",0.433266312108256,0.593604845917447,0.654333607478176
"13300738750",0.630082549567676,0.611347550876764,0.434026149822927
"13300738876",0.208464258857914,0.898833283677966,0.470115994368606
"13300739366",0.749082455383092,1.04415565086724,2.5395643168371
"13300739558",4.00475994071723,2.53899988884214,2.06812257904712
"13300742256",0.274756597108353,0.255185093262482,0.245564064312506
"13300743024",0.765943354646741,0.433605689457501,0.580529937008407
"13300743272",1.2064611622212,4.40508001849813,2.0590517926378
"13300744635",0.28730717714468,0.202741000739761,0.3929642873711
"13300744650",0.357594786290793,0.680634127980938,0.760412926582003
"13300745857",0.467186709411668,0.714609293981093,0.445474173205019
"13300748446",0.640502652566654,1.1191881042568,2.09872879998638
"13300748842",0.249355674913296,0.271614699836716,0.584730270896629
"13300749450",1.40083182091191,2.50452493193856,1.52665233953501
"13300750142",0.635919861760922,0.733777692074342,0.467616505815277
"13300750588",0.39698386700395,0.331669624268298,0.163873915422435
"13300750987",0.596195799640331,0.744045530977154,0.498168547010564
"13300752321",0.409098917185894,0.214839935541651,0.249026014005378
"13300752792",0.487152201890111,0.549030976108286,0.578323359722954
"13300753292",0.627845657351458,0.523762676743371,0.538357145521022
"13300753646",0.313448867473815,0.554964578191014,0.274629444111482
"13300753844",0.503126357005275,0.469340536357043,0.177050551369819
"13300754025",1.587035839661,1.06005700947904,0.819461007910841
"13300754187",0.565634011956691,0.84855928215271,1.9262136713784
"13300754269",1.04813396556208,3.70263451137357,1.26775045017382
"13300755034",0.520844730161044,0.747061522610597,0.810071153671818
"13300757786",0.389419703521084,0.932059617708941,0.522614024225733
"13300758303",2.02148376270117,2.76397578608209,3.18232015832216
"13300759839",1.64000566302016,1.87901391370077,1.25293580324194
"13300760319",0.294142281883639,0.352580642949083,0.555158931329461
"13300760712",0.54555213049645,0.535983884828727,0.469928005288968
"13300761097",0.314782455971601,0.483362092302862,0.318830312506646
"13300763832",0.270052478703515,0.225372074341235,0.267776370058691
"13300765673",0.722074367362631,0.396592703516048,0.248010665514147
"13300767929",0.249800021676377,0.279980832668875,0.286913287674131
"13300770074",2.58670546100696,1.70425667535414,3.1408576385459
"13300772859",0.305497467585518,0.832339578744965,0.65005268782571
"13300772874",1.83672333664332,1.153112732669,1.63411374057674
"13300773105",0.635919861760922,0.625833528688652,0.355646787444922
"13300776729",0.494504631281067,0.311464334216391,0.610135350989993
"13300776847",0.83801259659959,0.592776321074991,0.862881481215123
"13300778839",0.944896929305307,0.693073531057865,0.824984398486655
"13300780529",0.183870773444637,0.0431951833788202,0.141436665445777
"13300781422",1.50042515512371,0.809033768297788,1.13093456246912
"13300781856",1.74861546078635,3.53584090558246,1.89769901817572
"13300782657",1.89798341364223,0.67477398589178,1.25658132224906
"13300784798",0.796900078753714,1.8552512299653,1.57598991174931
"13300786308",1.28360759352182,0.65480944719415,0.593910214460076
"13300787302",0.571797689293364,0.746476640534773,0.992926265961152
"13300787686",2.30000416786236,2.45057252149679,1.70349603320491
"13300789625",0.230767905428451,0.286543700255478,0.440720282747823
"13300790635",0.138517878905273,0.193818259399001,0.218275487591106
"13300790942",0.723996773749343,0.471735205752028,0.466528535418181
"13300791080",2.20362321502288,1.82013159548019,1.48524416438727
"13300791570",0.864372267892285,1.31926915288126,1.11492025688377
"13300793640",0.249800021676377,0.298717207138931,0.297972092164322
"13300793858",0.426647954584671,0.167438694143024,0.347086620839036
"13300795279",2.38574370374659,6.73402145113627,0.855430925374234
"13300795577",1.45873646079163,4.66303835954073,3.22778834355248
"13300797786",0.182590816086975,0.203968476202832,0.196569759161391
"13300798036",0.587671566936507,0.952332638261655,0.599945344218216
"13300801278",1.76039182732711,1.91763258444856,1.91008322752037
"13300803136",0.850000294456027,1.1490929827529,0.887154988787581
"13300803805",1.51865624093235,1.09298667025127,0.918542882292517
"13300804920",0.857610705967758,0.259593650172251,0.210653953689428
"13300805923",0.970934779215014,1.58298320268344,2.04772129573341
"13300806573",0.209468541289629,0.191620043941012,0.388011216186437
"13300807978",0.912691769080365,0.462197951217526,0.361481692751335
"13300809419",0.283483033181291,0.464094468821371,0.68719806842827
"13300810657",0.23145818448971,0.295759052468938,0.346447693462822
"13300811000",0.288194827001472,0.300059031548642,0.338348008205553
"13300811284",1.30398433371483,2.05379486277658,1.58293121020583
"13300811520",0.513473623222041,0.654778215909762,0.638274296839586
"13300812524",0.156775890314398,0.1585105637375,0.138157491079029
"13300813661",0.576413090234972,1.13587251574689,1.18357004324122
"13300814015",1.21684483443948,1.07766022901358,0.839374290339636
"13300814877",0.233866515016315,0.638334281377348,0.590260522371284
"13300814974",1.25196329074534,0.697726378542586,1.07335501243454
"13300815100",0.39698386700395,0.544890310344464,0.263292797347785
"13300815232",0.707248697135367,0.46324893997071,0.56246548529334
"13300815328",0.5584381706819,0.363068408016414,0.429151408180477
"13300817604",0.844392395799152,0.979407812801729,1.61122487952798
"13300817723",0.798455639468724,0.417302896427608,0.635074269832093
"13300818641",0.532336001861585,0.331002032154494,0.607867562310177
"13300820143",0.22901588749975,0.31427949369858,0.360144136945845
"13300820758",1.07696197140769,0.383929970199792,0.729736594935666
"13300821111",0.983904651569345,0.521373843629709,0.556021453376254
"13300821557",0.239589657049691,0.182288773973967,0.305633975023829
"13300821764",0.523839034565372,0.54406248226089,1.07101144285666
"13300822855",2.44786904533738,1.2765351735991,2.26109973296341
"13300822881",0.449903034316877,1.03827583329331,0.658958458822836
"13300824450",0.641897098021887,0.688690877996119,1.15824282161021
"13300824733",0.503031458832468,0.421912298728145,0.485854586542201
"13300827681",0.885575465444525,0.499545446627769,0.583374291564449
"13300828669",1.09424518515465,0.971903966983652,0.629921077857639
"13300829634",0.685469174370435,1.45898710413396,0.573060462684874
"13300830475",1.25821100101806,2.4877615922909,1.76644085634381
"13300831432",1.38174325506963,1.67034055396673,2.3416201532895
"13300831547",0.509659698780441,0.761871280786898,0.535077122092569
"13300833106",1.39737946721348,4.03945471796474,2.25796532513363
"13300835330",0.250105003000252,0.300876187300338,0.627810535492468
"13300835797",0.462268364807949,0.777418362508861,0.36470945763176
"13300835894",1.41660210388986,1.37963408822202,1.19208604960995
"13300836030",0.858583095672395,1.30495756683301,1.29587070465525
"13300836964",0.724888475114379,0.406242103372525,0.438206459792127
"13300837606",0.375158850203488,0.352580642949083,0.555158931329461
"13300837978",0.844948576358249,1.4177470207012,0.960376572243645
"13300838203",1.37300787551136,0.92887012400694,1.03887368272444
"13300838590",0.386584394170052,0.697617262696784,0.55787549870607
"13300839404",0.319275945840275,0.775860202618947,0.662128454550491
"13300839482",0.428920715337874,1.69663531226285,0.786610672923682
"13300839507",1.26162026521643,2.22603429013495,2.06456919087629
"13300840526",0.968861646330798,0.992574355866927,1.15610931829326
"13300841714",0.818731194015278,0.604324006734893,0.358320178745558
"13300842959",0.49334970310822,0.506402746009607,0.556505564749557
"13300843096",4.04992161005833,5.05657464842682,3.41770720947264
"13300844326",0.774146446008514,0.638597458624449,0.733391821211028
"13300844420",0.335425162725086,0.0896192509847442,0.308096565931331
"13300844694",0.644624995523932,1.11592584688127,1.27537192757571
"13300845092",0.415265613272075,0.813168095294625,0.963144462174472
"13300846135",3.8538276443147,2.73269785829545,2.08125164135397
"13300846304",0.288687489958315,0.384022645454969,0.309969672255654
"13300846540",0.367869020132946,0.210114814704441,0.819911657987823
"13300847104",2.96871720916966,2.19695138789213,2.07172416277982
"13300848989",0.630082549567676,0.611347550876764,0.434026149822927
"13300849033",1.32155708999939,1.55278110807815,0.965667433989068
"13300849783",2.26168451396679,2.26499092287036,1.77866521381993
"13300850606",0.589368345830342,0.655574089134433,0.563624235522657
"13300851715",0.883195825104437,2.13309495263987,1.40545562987145
"13300852583",0.672441004941854,0.534999315014578,0.407570562111824
"13300853521",6.25482454992708,NA,NA
"13300859639",0.669209247852852,0.533955240130252,0.48266097077819
"13300859915",0.754826291094818,1.04358775864143,1.19377603090638
"13300860436",0.373596485443906,0.993080217434873,0.879729679152401
"13300860496",0.391638386114651,0.311807416695484,0.34916215560626
"13300861015",0.883912110572857,4.63979037232217,2.15697673126895
"13300862202",2.69550331717718,10.3533582164044,4.11218045149999
"13300862628",0.632421437031595,0.613275659051094,0.719358702287418
"13300863176",0.301792214524811,0.59398208061564,0.931681087761206
"13300863417",0.28979553230664,0.450476263746178,0.350984793965233
"13300864343",0.499881424358958,0.520995182495895,0.344313099750095
"13300865340",0.256207724491994,0.212685872681126,0.222857100337399
"13300865586",0.230443517781009,0.439104862490791,0.255535533457835
"13300865799",3.0537112467842,4.55586753682499,3.93473435953728
"13300866196",0.387664213685093,0.240987934821284,0.270961714696985
"13300866445",2.51601685436983,1.95948028413615,5.12310987428983
"13300868306",0.923429574440265,1.90304452421918,1.83514151087066
"13300868316",0.413564314479601,0.621986830987793,0.428509890250091
"13300869210",0.231779327650561,0.660564517008206,0.442104832338308
"13300869249",2.3075769947314,1.37217545311832,1.3643292516509
"13300869500",1.13346585649804,1.1394925595102,2.0817974510833
"13300872657",1.1551785517658,2.06364068143554,2.88638816257299
"13300874466",0.585658483889901,1.33176303181803,1.43581783573478
"13300874536",1.26162026521643,2.77862537971904,2.76194573697854
"13300874667",0.472968779784045,0.344995915727231,0.885929834363054
"13300874675",0.526748554862343,2.07667595476473,1.0249359562608
"13300875355",0.840664480909549,0.484895050520354,1.39670516302667
"13300875623",0.400088152671932,0.957537230551316,0.299293663071735
"13300876041",0.52811328243735,0.463346832852912,0.435431174862058
"13300876910",0.56793261689906,0.673161726648645,0.418214204200652
"13300877882",0.693603495040785,0.230618366394229,0.443034311623736
"13300877976",0.353170408735406,0.313307929733843,0.259190289553507
"13300878787",0.977672263630621,0.724327790542089,0.833163818955044
"13300879931",0.461396026882221,0.323162122638251,0.394874962621976
"13300880208",0.22374767752696,0.188585893274694,0.397487143241178
"13300880501",0.139095900189839,0.235814101980517,0.275120276191215
"13300880532",0.460657694963506,0.670411635722873,0.577528000645755
"13300881851",0.879216762264854,0.585309151545884,0.770988511528491
"13300882396",0.138517878905273,0.225008291947401,0.718639557141536
"13300884468",0.273564895438649,0.582957545073412,0.213392974287968
"13300885641",0.643357075486586,0.500359282931235,1.13693977066334
"13300885747",0.731985800244536,0.491717778099319,0.477802084027035
"13300887194",1.21368295014617,1.17699905333008,2.26234022332285
"13300888115",0.138517878905273,0.0530160960524795,0.149217193327832
"13300888359",0.669209247852852,0.108147787244228,0.3328565328817
"13300889594",2.05709753538164,1.91958086315338,1.79864718766676
"13300891209",1.21450298506447,0.554076638249921,0.464853780651371
"13300891653",0.945654853195347,0.333693513593393,0.528672712378718
"13300895108",0.552372697329362,0.420469912226537,1.02113625121137
"13300895385",1.00612760934429,1.96106961653922,1.2864490853632
"13300896306",0.684990674026644,0.396124373517202,0.173798633533
"13300896538",0.183123982185375,0.222886391137554,0.326040869311925
"13300896933",0.423299524482358,0.913361973095423,0.422545972757567
"13300897668",0.45502098170657,0.396464229959161,0.555636984724074
"13300898207",0.982580259965537,1.38927595037046,1.44024205041166
"13300898573",1.10771309234736,1.01927526221577,1.55092640289443
"13300900311",0.66792355567529,0.52366933197553,0.903922403224465
"13300900936",0.438723666964557,0.703506184897949,0.331679313966483
"13300902611",0.668948553465052,0.677734134844111,0.298170903163884
"13300902736",0.886391271032319,0.572512404508934,1.03043860249908
"13300903705",0.402369854051199,1.24366927138564,1.13537628626883
"13300904427",0.498284252854647,0.730561271282163,0.432705547375861
"13300904761",0.284445422853842,0.319496079589631,0.403938681516177
"13300904935",0.796074096735836,0.765363793929628,1.52319736643036
"13300905360",1.15007395669339,1.62909334296394,1.08679135557444
"13300906812",1.52090892147199,0.982875279750533,1.17690931173418
"13300906921",0.584303817246823,0.481424597346943,0.394260141111453
"13300907330",3.05948651764259,2.22471531275998,2.0740879325464
"13300907983",2.55742322995479,0.876110268210657,1.35242085198261
"13300908054",0.359490415597604,0.488912383025715,0.390459028077409
"13300908805",0.800370597993529,0.567850339060311,0.275085488654172
"13300909603",0.138517878905273,0.0530160960524795,0.22806413383738
"13300910236",0.736921858786043,0.716077063321879,0.682874261867039
"13300910304",4.07978159457731,NA,NA
"13300911480",1.40440065790035,1.58636274094378,1.22064640091988
"13300911874",1.2557592311722,0.964277961780376,0.804762943799632
"13300914865",0.251598063490718,0.455013040856604,0.469974136985058
"13300917324",1.59464474735976,1.93401276215709,1.55239770632774
"13300917712",1.0524499956626,1.71923118614103,1.33452368121999
"13300917848",2.46973971605636,1.66247994985511,1.47570858970162
"13300918517",0.675439921434327,0.879464597699644,1.3270487259764
"13300920925",1.22582163421853,0.708847703221739,1.26110611666881
"13300921575",0.910140271755439,0.922705083522037,0.779298486363625
"13300923088",0.484675494249841,0.35674449784678,0.254937563933205
"13300923263",0.332185025798702,0.223816702225102,0.302990231939513
"13300923912",0.358354446104154,0.223375309694888,0.431114950874078
"13300924498",1.71345069407946,2.45183864209485,4.9222851560547
"13300924753",0.365503826394416,0.218414792620069,0.365818691090457
"13300925526",1.10337888862748,1.71825877109829,1.74601698162567
"13300925674",0.366902746635073,0.2745360500514,0.148275349101483
"13300927240",0.87548449256859,0.667538232233694,1.08472473415121
"13300927859",0.427281969197188,0.596410465427965,0.502982832798812
"13300928257",0.341304034197877,0.471779964612523,0.60863773444092
"13300929913",0.823067211076545,0.733470851983624,1.30331985386578
"13300930564",0.889262284920692,1.65044982105109,1.24462237553227
"13300930588",0.178444546310477,0.181278729825221,0.274388846819561
"13300930831",0.368248994334319,0.702097973027235,0.680847643869374
"13300932523",0.453488800148282,0.602110975729482,0.8412787712392
"13300932990",0.908549170681484,0.458079288034064,0.27972716969289
"13300935330",1.9633214972364,0.891422444898481,1.1664293902442
"13300939351",0.198291698100393,0.459459012183947,0.517413442085629
"13300940066",1.61285893334777,2.92261571543498,2.65725983301112
"13300940134",0.334482153267215,0.38902988155431,0.58883869304252
"13300940628",0.576350591958488,0.468223887880015,0.45624192812313
"13300940817",2.29257974952876,1.59466988464451,2.5222715698028
"13300941532",0.221173405024692,0.106392630974393,0.297189755998237
"13300943712",0.461718030553652,0.300733562355377,0.468619627897552
"13300944150",0.721058604024868,1.98107546584747,0.589590821648969
"13300946813",1.62848786325698,1.40221344571738,1.35016103537917
"13300947290",0.200560403660026,0.232406758887338,0.319130288635295
"13300947811",0.789588956004209,0.245623825904213,0.592548170758274
"13300948153",1.67426918332049,3.89881139981335,3.05606370620942
"13300948509",0.306168101107889,0.726381373483079,0.902592420383121
"13300949571",0.359490415597604,0.608528125371857,0.47281678911471
"13300950955",0.384769369671746,0.267482281472479,0.295050746382133
"13300951216",0.39715264935842,1.13024401302636,0.865230659411914
"13300953745",0.684074076326188,1.30281186369873,1.32703330385883
"13300954142",0.176557704186271,0.620722044623239,0.684584015666374
"13300954432",4.04992161005833,3.63461663599755,4.64648051790982
"13300957604",0.783319031915523,0.476331516260217,1.76426635791354
"13300958289",0.60886309318705,1.01508751321622,0.911850190285784
"13300960468",0.82058641641291,0.542643909857512,1.06411258514731
"13300960693",0.590424891751291,0.954052675730921,0.614777051614677
"13300960700",1.60733753402352,1.34985010788082,1.3585839268141
"13300962035",0.487377710637385,1.62418720618742,1.26064296507704
"13300962759",0.437574745088888,0.332936967452221,0.52650639079806
"13300965075",0.649181417188098,0.444505799032117,0.891027895402776
"13300965159",0.300023386574869,0.0988415291345632,0.220806327268784
"13300965456",0.490720909938479,0.78385170674563,0.235649830031358
"13300966020",0.334482153267215,0.354633450445342,0.533428727205335
"13300966961",3.32735992781914,3.03543971698641,3.55701317731739
"13300967324",2.48634472544619,0.851162360570235,1.04389794111106
"13300969265",0.369686990750761,0.292740283022321,0.282345600512092
"13300969553",0.454505739576853,1.14660143616504,1.5442550651353
"13300970412",0.424651568433592,0.133544664521814,0.234317742806369
"13300970789",0.43394330409294,1.1580125887119,0.925576408920818
"13300970968",0.150351763374176,1.3912854822418,0.374186489152134
"13300972409",0.352713019803324,0.259928847258018,0.438603938109605
"13300972799",1.94901958661269,2.58817952241004,1.99961065527534
"13300973228",0.39640438994056,0.464299586561822,0.25122819285537
"13300973230",0.807207258651883,0.391763254117294,0.705370628423368
"13300973685",2.69552990400831,3.64133238835189,4.3903598919818
"13300974312",0.611193747520891,0.595506783695065,0.582244888265819
"13300974736",1.03016516477075,1.7557715568553,1.4235608781702
"13300975017",0.491523510519207,0.369332441739856,0.563796913297341
"13300975309",0.362203098698179,0.522022704955233,0.588432754249431
"13300975721",1.72453747728104,1.35888902644836,1.2005750283085
"13300977660",0.644088050982085,0.0675515935680209,0.112297201119611
"13300978750",1.92895040942362,1.25987999825277,1.44697066989033
"13300979473",1.98733411706158,2.03272390165855,1.43474385014997
"13300979777",1.28224116454724,0.543790139210251,0.45500019108549
"13300980307",2.42126046518427,1.52278963733198,1.66514650752781
"13300980920",1.33929023975109,1.05388767790197,1.46993313157466
"13300981216",0.675593356865508,0.578232056008139,0.716517064860946
"13300982802",0.252760832617143,0.356633217979979,0.346012225267303
"13300982835",NA,NA,NA
"13300983049",0.425268466648534,0.84270040814629,0.441561282119671
"13300983228",1.89693471409446,2.66011972131147,1.57685624626871
"13300983568",1.13346585649804,0.900286914659769,1.27056865372526
"13300984523",0.281422328591323,0.319213742726127,0.46212322938815
"13300986517",1.439270754364,0.668056607692255,0.713446444920621
"13300987074",2.127176481656,1.31694871776976,1.40347145733492
"13300987797",0.323458850777466,0.608291429855647,0.340855075356533
"13300988348",0.18750601601056,0.0328988430669804,0.0366472646403845
"13300988904",2.09552641596022,1.69312793858887,2.04730013893743
"13300990555",0.304798645947614,0.527096158538674,0.456581165183024
"13300991793",0.625029152995083,1.45487913338267,0.914089146021852
"13300991969",0.277357987728502,1.4021197980402,0.345110307195723
"13300993372",0.602784551913466,0.185921287434753,0.712946901767976
"13300993975",1.63946206369096,2.09506054290081,1.71944645107865
"13300994351",0.77772608646026,0.122039875053835,0.371137707094921
"13300994847",1.19242719714151,1.18765310502328,1.13894034534699
"13300995292",2.02788336560142,1.37755798325671,1.22112126526784
"13300997934",1.61285893334777,1.80379186923509,1.70944039382939
"13300998018",1.07160675743955,2.00610417195128,0.679693934081
"13300998034",2.33320339997142,1.61350300165355,3.06235568465399
"13300998360",0.278361966655425,0.428606092420166,0.606242777555758
"13300998555",0.406977200955089,0.28303284717221,0.305313061063193
"13301002243",0.39640438994056,0.464299586561822,0.25122819285537
"13301002903",2.07696412259188,1.17931796077449,1.53417106330718
"13301003389",3.03573763304992,2.38047027529141,2.57994943182932
"13301003638",0.431325681955462,0.727057393814462,0.611202537235394
"13301005136",0.157638190584892,0.0332644466447204,0.0800840945565028
"13301005448",0.598221724727522,0.505033041484269,0.595176611513754
"13301006385",0.597062731528033,0.382606604276744,0.297903865543769
"13301006979",0.812973255235575,0.710023861375326,1.01730077482879
"13301009424",1.5307461271903,1.00082993635461,1.00480295418715
"13301010113",0.293370239642635,0.28269305754905,0.36631769555142
"13301010393",0.322384498411149,0.776669420449902,0.598595834540651
"13301011244",0.811550455299548,1.72667830581068,3.40209939392564
"13301011311",0.643465726371654,1.12824715106223,0.814498529601436
"13301011415",1.4206581275747,1.29003474367074,1.5718304962523
"13301011892",0.319208193822822,0.335708755228198,0.315506314402316
"13301012883",1.11634737853544,1.53172138388902,1.10276404694307
"13301014057",0.460657694963506,0.670411635722873,0.577528000645755
"13301014175",1.70222054958847,2.11249839997004,0.750847316142166
"13301014756",0.200560403660026,0.365263765257263,0.486036599739735
"13301015837",0.491523510519207,0.49223059247051,0.671471194426196
"13301019195",3.93712615847076,2.36896434008272,2.93411412476464
"13301019788",1.29113089759853,1.45537342679329,1.5409580228512
"13301020616",0.233717660248385,0.216597434742602,0.398353897340302
"13301020946",0.25377934576523,0.199394448540935,0.328744285407552
"13301021130",1.13197103863538,2.6514651645499,2.10415334780236
"13301021525",0.651284521693495,0.507323830242057,0.455521421117076
"13301022145",0.424651568433592,0.273464903669238,0.312026824226246
"13301022745",1.10208636015489,1.30889893016639,1.0566214639016
"13301023564",0.80711350782947,0.449034578746184,0.256661806432997
"13301024907",2.05844405094742,1.552420829788,1.02637280436393
"13301025152",0.837889590761174,0.625065829281222,0.772645788987552
"13301027066",0.330048337695462,0.765631047254969,0.650326861153493
"13301027338",0.589368345830342,0.655574089134433,0.563624235522657
"13301028293",0.461164036446115,1.09906144541152,0.933283569120058
"13301028934",0.625759410059644,0.382592165391423,0.985452976863876
"13301030115",0.451401568538933,0.786307533455685,0.821725649406006
"13301030541",4.04992161005833,1.73030771970618,2.63616672201257
"13301030975",0.892824923127115,0.359133852428333,1.07647735222678
"13301032703",0.286451773302377,0.430790981659936,0.514927255251139
"13301035193",0.421790830339499,0.451105660747848,0.47989870037272
"13301035303",0.29235150391844,0.558417782954434,0.693946210182602
"13301035500",0.788104398545157,0.377129442654296,0.891074334715929
"13301036048",0.573000581639032,0.299245861110217,0.339358068472027
"13301036524",2.1854920307239,2.21277762870162,2.9168445712418
"13301037007",0.539979531192975,0.781349253277074,0.665559011815115
"13301038172",0.810809683522956,0.47502342256168,0.571047307980126
"13301040653",1.57724611843866,3.87310893806069,4.08157474219448
"13301041016",0.493220669578436,0.746299935161478,0.535790941980917
"13301042572",0.221173405024692,0.106392630974393,0.297189755998237
"13301043637",0.991325231317186,2.38901642398636,0.741333125572039
"13301044940",1.6496513292246,1.39832624791589,2.94306654216415
"13301046997",1.58500740428819,0.708744831008034,0.741788332784786
"13301047749",0.312976176396276,0.444361692373174,0.305189183879362
"13301048174",0.522627874915307,0.993777509789422,0.962659956757526
"13301048322",0.675593356865508,1.04309715589347,0.845824319443492
"13301048412",0.195538366464004,0.316530112425692,0.532345277763971
"13301049088",0.686869544165101,1.94056412266206,2.50165081983283
"13301050959",0.96204980627531,1.83184159568583,1.71088874969902
"13301053168",1.16714313432011,0.782717634482467,0.696159948959447
"13301053245",1.14840710088772,0.461509014417902,0.72519833103906
"13301054308",0.188317714991066,0.518451358174403,0.525815414062654
"13301054826",0.242774026678635,0.405332737955773,0.502626431038648
"13301055394",0.240861606627847,0.314327661064667,0.521470473816818
"13301056505",1.11634737853544,1.28228954230581,0.9906259456993
"13301057340",0.788206617915869,0.581472547079501,0.625744115823636
"13301057794",0.460657694963506,0.390765412111843,0.328227989061673
"13301059172",0.174387463115679,0.0819971387418934,0.226457663984477
"13301060669",0.978697200952944,0.82656851543711,1.13599254901262
"13301063649",0.360778801847738,0.409659558387225,0.606454316491965
"13301064077",0.846280341776105,1.64324315526702,0.757892486642884
"13301067740",0.718083353168401,2.11861935321135,1.47660543681653
"13301068851",0.853570078369626,1.43758639357473,1.25040536701451
"13301069207",0.6488889687892,0.429108579907439,0.258190942959138
"13301071151",0.354378966032672,0.374912374225632,0.344438099594243
"13301071817",0.704972219052301,0.287488686310734,0.357722933834486
"13301073290",1.91622712735891,2.88270688130205,4.9222851560547
"13301074346",0.635882616664103,1.50215243856005,0.654125178222454
"13301075095",0.490209457900381,0.204600803986043,0.331462706018544
"13301075777",1.11990735372432,1.14307131646721,1.33337851043924
"13301076589",0.438043629700382,0.981263406624852,1.18421660774561
"13301076838",0.598208135889348,0.466497970393378,0.900941318858516
"13301077691",0.221173405024692,0.134045639202772,0.39739655260377
"13301079029",1.70745521250342,1.63204260124079,2.41835898986706
"13301079219",1.58741570002526,1.29210515992256,1.12132779036876
"13301080555",2.63857086892748,0.773274032781688,1.56972774624946
"13301080918",0.669751309748965,1.17432174221574,0.974319670826571
"13301081125",2.15708357074494,2.52511408695994,2.56733683526212
"13301082314",1.45277082682554,2.0661209272464,2.09269821399416
"13301082675",0.494855532889317,1.52656766720925,0.629962875405831
"13301083178",0.39698386700395,0.696789632145594,0.331665896214578
"13301084260",1.10295266675606,0.828935759388855,0.828896121922802
"13301084706",0.589773393811482,0.743918677812086,0.699807139181248
"13301084855",0.333985622835048,0.307827308585023,0.177050551369819
"13301085040",0.266767543481795,0.439117813610587,0.471168325720116
"13301085378",0.942826119164396,0.529074611758438,0.471629569229464
"13301086780",2.27925492519015,3.95792999534634,2.7361472242452
"13301087495",0.175074756896457,0.0945939244072865,0.143014499657576
"13301087716",0.717861316826718,0.870896004467553,1.29310575893354
"13301088397",0.777938667499252,0.563008492943428,0.305148163777417
"13301088823",0.540771941074963,0.690150889837085,0.745290181264031
"13301090120",0.957636139196183,0.550461942074954,0.473597913435444
"13301091332",0.785597091398441,0.478138713744355,0.603298585807517
"13301092899",0.239589657049691,0.255640898352459,0.326744329298892
"13301094524",1.03103879689083,1.21378907528298,1.25238654338129
"13301094525",0.212593116683611,0.149920230864958,0.154543673605058
"13301095722",3.70094106997736,3.89274398425763,2.80173391386827
"13301097138",2.85002392895263,5.31590383191676,3.26213382302452
"13301097252",0.199690571208779,0.524931376316675,0.4927220444192
"13301097812",0.147751900696926,0.173260214527062,0.31436634749544
"13301098345",2.29257974952876,1.70238321949971,3.00298363105731
"13301098734",1.64051802649531,2.90412106651483,1.40130492439102
"13301098805",0.673085890113231,0.5089925508592,0.538168394121646
"13301100007",0.428887673368846,0.807660838201894,0.798851964717397
"13301100467",0.362566144751268,0.377049204808146,0.50854866969069
"13301101757",0.795129922178626,0.516191685582033,1.09321499770905
"13301102954",1.53992495991365,0.804294371108475,0.932424624523272
"13301103259",1.45939059294854,1.95372420661572,1.25582884643036
"13301103533",0.168964361797018,0.132425831902171,0.190457910035819
"13301105774",0.383383208978998,0.45255996593689,0.732660339449009
"13301107711",1.33490162586318,0.700410797972303,0.530484988140786
"13301108443",0.22374767752696,0.167125539540461,0.539632007305831
"13301108606",0.795129922178626,0.561161455670376,0.609189760367873
"13301109663",0.594951023569195,0.714769009014614,1.1983850839267
"13301110104",4.91548442225966,NA,NA
"13301111818",0.511610642557996,0.597883176649347,0.847955862950429
"13301111980",0.791628847521648,2.08459368008322,1.78629973339593
"13301113269",0.75142875960621,0.990740151214465,0.56707460467012
"13301113742",0.464606040022075,0.369831792702676,0.596140108031655
"13301114360",0.532178466382892,0.699799048682156,0.651718847327093
"13301115095",0.794690524699261,2.68392307500107,1.39315767278152
"13301115105",0.320362445611397,0.507133802421522,0.505520806639923
"13301116873",3.41813296937201,5.16375953345439,4.4303397755841
"13301116965",0.731985800244536,0.471590825687355,0.455386464857898
"13301117335",0.512934442235466,1.11031454751123,1.29253450582259
"13301120590",6.28991107059463,NA,NA
"13301120792",0.632192418300973,0.293673758142136,0.205821564751097
"13301122762",2.58732843873867,1.29527273413516,1.50741450320955
"13301123590",1.94901958661269,2.61161121117025,2.24249704215281
"13301124158",1.21368295014617,1.03489888844579,3.10228901899529
"13301124760",0.449318160087275,0.801345418045793,0.954557122394716
"13301125224",0.565663403300765,0.592961542387236,0.430439396891777
"13301125629",0.547433337599665,0.782717634482467,0.696159948959447
"13301126064",0.40590962459272,1.26225090066853,0.541800817047946
"13301126129",0.584303817246823,0.481424597346943,0.394260141111453
"13301127385",1.9275825000082,2.35639386628444,2.69586425065305
"13301127863",0.657151182163679,0.287133889259567,0.519804903402071
"13301128408",3.327075706854,2.35306035063689,1.36439015713767
"13301128887",1.41497167727528,1.25584453396033,0.911540842150761
"13301130543",0.769668940258834,0.670135653621119,0.542722104413195
"13301131619",0.525553104371221,0.347575386808817,0.681460844192701
"13301132679",0.950047171784175,1.8973462274599,1.42126201213207
"13301132882",0.398238728136632,0.312963795052999,0.478063882698153
"13301134102",0.948456020243987,0.683184135164657,0.508612009525978
"13301134378",2.58624088374304,3.49651876049697,2.68015147766069
"13301135600",0.571124534278322,0.316901589427933,0.748010501018339
"13301137706",0.730971166262639,0.800059243185421,0.840293755604402
"13301138117",1.89612364426828,1.93362183155749,2.88017858096767
"13301138724",0.587671566936507,0.641388300533024,0.473590308086657
"13301141565",4.04992161005833,5.69490412110946,4.64648051790982
"13301141685",1.05926968807696,0.943528616459262,1.22698499577651
"13301141911",0.249800021676377,0.331359643710352,0.318711832068092
"13301142564",0.886391271032319,0.461274799697586,0.8029642650571
"13301142595",0.842030753112384,0.573834282471534,0.947458893952432
"13301142884",0.216180850680332,0.518332482551139,0.476435483020055
"13301148192",1.35956866472572,2.95454776116517,2.00705763619928
"13301148422",3.69110357945164,4.62680822745481,4.37310997899791
"13301148426",0.656500778402825,0.673740006016198,0.887081081370796
"13301149188",0.90016145233662,0.58524375357663,0.964546106304322
"13301149242",0.963843824537718,1.41381895660826,0.844553922041866
"13301149377",0.972407244099646,1.05604528935143,1.03675555065409
"13301149415",0.589019994734495,0.417742841809686,0.526488623768879
"13301150655",0.138517878905273,0.0530160960524795,0.149217193327832
"13301151038",0.29232126839028,0.51478130997923,0.769764269047125
"13301151450",0.138517878905273,0.100712807782355,0.201609839914568
"13301151991",1.40078662636521,1.28171882890729,0.696772235287698
"13301152229",0.703752850589154,0.534123171013188,0.664257843922649
"13301152452",0.460657694963506,0.316976447586004,0.276349050602874
"13301154309",1.20379623693441,1.08362086197423,1.26363714032007
"13301156454",0.686869544165101,1.83940002063234,1.75038435478284
"13301157361",0.478525872837918,1.26723800214002,1.0720100942011
"13301158784",0.818731194015278,0.96167646104172,0.364085918833351
"13301159022",2.49026060016356,1.40632310286038,1.23111266597757
"13301159268",0.138517878905273,0.100697078656627,0.161358449623394
"13301160590",0.425702406668571,0.520009204163197,0.554642483724858
"13301160605",1.21270037505422,2.98221049725159,1.5873049383046
"13301160906",0.763426717752192,0.113963505406421,0.219797844915789
"13301161182",0.43815960427717,0.40541003978142,0.361246158137698
"13301161909",0.243113308223706,0.320284547004882,0.319717234334149
"13301162684",0.35298300749517,0.464347604213829,0.483104701094943
"13301163447",2.23620666267518,1.47860818734768,1.3863069780026
"13301163795",1.44221341567301,0.856647406175345,1.05370633365219
"13301165742",0.239485382571118,0.355095137773127,0.525661011461877
"13301167645",0.743158165953343,1.34344904611293,1.83655495549872
"13301168636",0.513475894948125,0.702157441885622,0.686954228528434
"13301170602",1.22832941040098,0.805452191893721,0.766562616005419
"13301170733",0.324695018716255,1.74303004826708,0.792788991881926
"13301170843",0.183123982185375,0.205439073133521,0.249103396028612
"13301174310",0.209468541289629,0.133249332453344,0.314339854142429
"13301174456",0.564831555994587,0.627539158856888,0.402709236676413
"13301179505",0.792734030492798,1.00428408139121,1.74463781158287
"13301179515",1.00246109772089,1.18768451587424,0.703420160829667
"13301181793",0.978590102360497,1.15206933448392,1.46642511479074
"13301184343",0.521111263396281,0.810971449298068,0.531528765871634
"13301185333",0.372414108158788,0.725449387566745,0.693020345909731
"13301185717",0.400341872139334,0.597883176649347,0.847955862950429
"13301186554",4.21012090613209,NA,NA
"13301186788",1.27791690695378,1.62321746754895,1.42390999830726
"13301186943",0.571775485279864,0.100078560130246,0.0786228555798496
"13301188755",0.155712337417921,0.382421877616001,0.206773597852028
"13301190658",2.69863843987978,2.06572703737631,3.16183568787726
"13301191525",0.138517878905273,0.181825005793856,0.26546776583594
"13301193323",1.22582163421853,1.22003958061273,2.23741722958795
"13301194383",0.528817189658158,0.944404950864658,0.604309830523012
"13301194633",0.325437406547995,0.254821281751435,0.635459370803913
"13301196383",2.73265764674285,3.65115506934177,3.2459424273666
"13301196717",0.390198666291256,0.239225815760249,0.297347676933951
"13301198274",0.552433196788978,0.521154923228233,0.702027384511803
"13301199095",0.44661812454134,0.542412267277767,0.696967699957369
"13301199304",0.387225651280861,0.336696907694081,0.450643063814581
"13301199493",0.711101079841021,1.02236446203322,0.857745777262421
"13301199976",0.413264764665286,1.28637348865444,0.663415183206001
"13301200426",0.310962791678081,0.324441833908435,0.278440527733586
"13301200700",1.33539176830162,1.12705521349573,1.14825342249673
"13301201355",0.743002236114191,0.612133526184999,0.409914276124442
"13301201879",0.867682269035085,0.443699915436911,0.465562131004419
"13301202563",1.05435207344622,2.92665246531613,3.08907965252665
"13301204373",0.396929759513705,0.370587032112364,0.510566274390126
"13301205031",1.21853921166625,0.76399643015008,0.687005126318944
"13301205184",0.406784814353209,0.770518140062163,0.905768273439457
"13301205449",0.956014311117574,0.654593425160769,0.81416760885121
"13301206376",0.231685674910916,0.242562344417536,0.554623019556528
"13301208014",0.138517878905273,0.0913210141022547,0.230054731795272
"13301210657",0.43104456412697,0.391459006738432,0.668846334759115
"13301210706",0.312733338358815,0.0227010202764821,0.0953290284858977
"13301211086",2.06526186183827,0.331132424429077,0.833477071293358
"13301211400",0.630964179148146,0.663168694431718,0.480179912148956
"13301212442",0.243113308223706,0.237300017769716,0.26100912280746
"13301212895",0.634459714922093,0.347248889260601,0.285998075382132
"13301213202",0.634801502829754,0.457377241812972,0.526912185286499
"13301213396",0.231722670668186,0.358104692420318,0.493042244704029
"13301214006",0.206396942586514,0.512250755664473,0.243382041043949
"13301214698",0.625081968405964,0.554972457612896,0.235461108732696
"13301214993",0.881420757619691,0.721336924929965,0.71495530929855
"13301215059",0.861967910925206,1.00223371345333,0.519604028462429
"13301216124",0.707248697135367,0.46324893997071,0.56246548529334
"13301216912",0.93516582644857,0.698496496047509,0.496591321453242
"13301218008",0.539453114758497,0.623987531104376,0.442237119079754
"13301219401",0.512327556384243,1.30886193861132,0.516798917004643
"13301219833",1.71878411920421,1.95734151705859,2.479271091806
"13301220288",3.67396611776073,2.73481209997911,2.36864243500537
"13301221317",1.70262801312764,1.65188726227493,1.11730616120889
"13301221938",0.532318093018494,0.739924520718702,0.727761730494349
"13301222205",3.05948651764259,2.05839967684317,2.11553209083495
"13301224192",2.0749970148477,2.77929601724288,2.74919243166102
"13301226533",0.866186635137675,1.21695161277173,1.2634172620529
"13301227711",1.47375881168941,1.98682076558853,1.81503941355637
"13301228468",0.570272066916999,0.736152516073761,1.10128450917777
"13301228799",0.937508178836364,0.994684858949398,1.1323699753057
"13301232114",0.286573276852855,0.191660089455799,0.25770502682208
"13301232477",0.50482069801011,0.669512877247163,1.16257501226149
"13301233016",1.10248141752955,0.961928549298702,2.02347501803998
"13301233196",0.85557504962661,1.03434046319729,1.07196771237376
"13301234813",0.953236971867171,0.507409650128248,0.899482860480742
"13301234988",0.333176941375516,0.313678709133806,0.597561526147642
"13301236423",1.53442532315435,1.11960799166798,1.02013598694601
"13301236743",1.94357719416728,1.07170145748227,0.698253629495865
"13301237312",1.01133205520886,1.20799695641013,1.67941034964671
"13301237380",0.987063309742836,0.754535869161126,0.732725189737142
"13301237543",0.372208175086046,0.532777264223735,0.709927416679368
"13301237633",0.230443517781009,0.423509994469779,0.290575863273687
"13301238912",0.273564895438649,0.152225689522579,0.227907441554918
"13301239543",0.508202276923702,0.330920516997928,0.291004871710439
"13301239808",0.26046202177613,0.216859223301463,0.356199863875435
"13301239896",4.04992161005833,3.33762707445953,2.56342713369907
"13301240308",1.53799058898609,1.03904492284282,1.31124312084453
"13301240382",0.68313382264821,0.178571221578349,0.640450111643098
"13301240477",0.436094811893944,0.475446691290693,0.648571435715219
"13301241584",0.157583193822128,0.171249551693176,0.389352170689494
"13301242046",0.405760524529939,0.522751573164072,0.919788210327707
"13301242433",0.817040924054277,3.92743814027176,1.15919170871529
"13301243199",0.450374047883679,1.08013467959385,0.933768655161037
"13301243763",0.138517878905273,0.129841152021011,0.250052852830854
"13301244472",0.221111901174441,0.168173218808747,0.24668419375789
"13301244612",0.784110045289086,2.02963772623331,1.53988696371158
"13301245383",0.368924546578501,0.376699232278764,0.420882225555335
"13301245455",1.26699352785352,1.81317218675184,0.567802441825682
"13301246210",1.59696207226909,1.50690585979597,1.30379893359385
"13301246645",0.162847164973927,0.330647155440805,0.43364920525169
"13301247063",0.534093043783076,0.876473864675959,1.24554620052467
"13301247302",1.08474105159585,4.03877933525731,2.42526469450466
"13301247546",1.18361376353216,1.23040463720362,1.11722347375897
"13301247995",0.319218110655983,0.0856119987195854,0.311026605448638
"13301250044",0.52908413744453,0.487628525257678,0.28874540884081
"13301250204",1.62848786325698,1.89148640979674,1.3816081494189
"13301250499",0.517945987200308,0.754741647874461,0.51940172343665
"13301251019",0.62024213414824,0.652373049118045,0.968874352142648
"13301251045",0.502285743065988,0.564442287327949,0.4047270951615
"13301251328",0.319687431487385,0.115625840375332,0.291515917077358
"13301253322",0.551974094112654,0.469830171658319,0.579097911008493
"13301253793",0.512764665699081,0.75610939306135,0.645578139562596
"13301254309",0.888988009764189,1.40754527397511,1.33259755059479
"13301256721",3.67681664059452,NA,NA
"13301256823",1.25751703983761,0.804315223707142,1.0219259499846
"13301261279",1.02911252311754,1.42773458247447,1.05769547765834
"13301261597",1.38005065070804,0.968044288961725,1.49546823670177
"13301262858",0.436083072001916,0.410834968289258,0.433429202357412
"13301262880",2.36985256452231,2.12380648604858,2.01583746102163
"13301263034",0.61472218789505,0.449225869623807,0.810734417720034
"13301263321",0.634908151206889,0.361138349285128,0.465808852934699
"13301263967",0.891118690340835,0.62533794187583,0.533666753402688
"13301264247",0.173621732859316,0.345366959456325,0.480673194848012
"13301266429",0.433527862121075,0.382783489251126,0.348075734662282
"13301266526",0.953236971867171,0.884899513588798,1.05765638613399
"13301266590",0.422610258763524,0.29175826315584,0.691805171457772
"13301266938",0.245266326204005,0.363356069187973,0.322214345166279
"13301267308",1.5287974730697,2.40260028762976,2.61144062654878
"13301267578",0.230443517781009,0.423509994469779,0.290575863273687
"13301268053",0.580575062110883,0.355477391403439,0.571895297459945
"13301268166",1.29723552225046,1.05538192104684,1.42883870302703
"13301268487",0.679941141678411,0.464294923213596,0.835996361751969
"13301269251",0.427281969197188,0.501299738638375,0.45230257331227
"13301269330",0.474806311251721,0.674615763177116,0.740826094212855
"13301269570",0.948456020243987,0.4250100248883,0.313641827223236
"13301270062",0.495742181632606,0.439659046644689,0.914299089341962
"13301271414",0.710316204199465,0.247780558630286,0.568340988379973
"13301272164",0.398428470263011,0.294756201420847,0.349447084579599
"13301272261",0.687926072950013,1.24527326440756,1.20950185199049
"13301273151",0.70793020716962,0.774857876416643,0.855878838570895
"13301273904",0.159196850454096,0.214733070137075,0.62512660887602
"13301274586",1.32932877279909,1.10687012637603,1.14042122349914
"13301274778",0.883459110383106,1.71666121144205,1.8143396821601
"13301276508",0.240861606627847,0.233719029541345,0.630695050563362
"13301279509",1.16190783186808,3.78309587940306,2.06589915736257
"13301279698",0.451761228614211,0.650090749140943,1.28200450953653
"13301280149",0.733447261498688,0.951293413041792,0.816649261458349
"13301281096",0.243113308223706,0.320284547004882,0.319717234334149
"13301282117",0.962459539474684,0.538462146823181,0.459063688551706
"13301283257",0.329259506678954,0.323409538388788,0.449055815294687
"13301283943",1.47375881168941,2.43567520914696,2.56159547419489
"13301283970",0.440453632657272,0.544224540026823,0.656376130230928
"13301285850",0.800660412480881,0.803693199159907,0.767676789501689
"13301285884",1.195985523009,0.953467865177082,1.73623781585582
"13301285900",0.564265793675414,0.44521989193834,0.668982698703859
"13301286418",0.283483033181291,0.344951491141375,0.46214583463961
"13301286473",4.04992161005833,1.02645730402229,1.07547764352752
"13301286721",0.819072845127996,0.409064968768976,0.74173645657276
"13301287856",1.044315367044,1.3540752305148,0.795033690253691
"13301291035",0.223831581275969,0.376699232278764,0.420882225555335
"13301291591",0.490720909938479,0.543399452524675,0.166166543795601
"13301292074",0.707248697135367,0.444630654300801,0.54833189619254
"13301292195",0.357310589171143,0.518483605524341,0.570770335555164
"13301293439",0.482977814312765,0.362459953178988,0.624642275274766
"13301293594",1.79318976847151,0.878697393028535,0.577068587458593
"13301295417",2.05844405094742,2.08402268158486,1.5338357635085
"13301295576",0.572981260512284,0.576338434364373,0.597027880891913
"13301296260",1.04739087782486,0.304511050830345,0.330965019174585
"13301296548",0.20812629412726,0.256179771661665,1.02416237533426
"13301297268",3.24027393676926,NA,NA
"13301297305",0.306078743446835,0.309128892404786,0.971034781759269
"13301297482",0.505190626411642,0.476186143769241,0.49208246429299
"13301297803",1.95724002352613,1.6681725408858,1.27719434736383
"13301299771",0.28979553230664,0.720844875136664,0.566734087047443
"13301299846",1.85244303344881,1.33844120474704,1.31471286356995
"13301300432",1.0057185159279,0.901618438028347,0.731587780962101
"13301303104",0.632097672784999,0.793168263226287,1.13919799661238
"13301303685",0.605516300591822,0.518606429557166,0.296074033649878
"13301304024",0.328076378720034,0.384669799745619,0.431974420373054
"13301304657",0.650346170822719,0.603293432098575,0.324685056948961
"13301306620",0.453562943819359,0.224459909050795,0.464150432029897
"13301307019",3.6646757347989,2.28364407247492,2.89297440215334
"13301307099",1.23191667170715,1.6200953097596,0.996782746319575
"13301307191",0.705846527679831,0.662327265958254,0.567692385099524
"13301308194",2.77413385790797,2.36564594168495,2.44002127784462
"13301308474",0.375684424567282,0.480134005762775,0.251127444581053
"13301308786",0.748663450469286,1.11630614581229,1.34541114470173
"13301310566",0.985495399424371,3.92133943832708,3.5120592280308
"13301310646",0.55154520604007,1.01274146937788,0.666433469356846
"13301311013",0.368386705289062,0.187060157180999,0.770132809119059
"13301311345",0.305983723486074,0.52424625380744,1.01607610860811
"13301313695",0.215191529961199,0.262191146427658,0.448102958549174
"13301315103",0.694627914485141,0.370928335339607,0.714130607699152
"13301316480",0.736075355990482,1.02092670479688,0.920730015623555
"13301316619",1.78821273304567,1.26542891910411,1.11181716044829
"13301316709",1.22216586352631,1.68854015816394,1.21079651798637
"13301316727",0.652359229798104,0.811323132319463,0.777238053275094
"13301320176",0.923603348617181,1.27116678944301,1.23519838707539
"13301322273",0.439336563096872,0.61189552397488,0.907260512160165
"13301322518",0.824503273344323,0.410781059176558,0.553433123634273
"13301322622",1.59533982346872,1.54041964656756,3.87231189354737
"13301322944",1.00831500996661,0.230227436817296,0.491465210796034
"13301324939",0.658107868702903,0.415038876659169,0.502518400142998
"13301325745",2.84791927397697,1.53590378960736,2.29837512907435
"13301326034",0.493838093314723,0.960714070593554,1.0547940135014
"13301327079",0.670403157639196,0.27779143933426,0.974480370969728
"13301328357",0.437574745088888,0.458079829289078,0.696825472416996
"13301330603",0.18647245103825,0.180718895176149,0.180996107659071
"13301331012",0.357134805010274,0.361852475350823,0.502891317551963
"13301331838",2.03767617228568,1.17200142115365,2.39834357139611
"13301332360",0.810953700917087,0.428198688149773,0.332010188085775
"13301332628",0.569757112955285,0.762988885027168,0.458713727862341
"13301337025",0.534975678889926,0.34043083320823,0.294606978100529
"13301337187",3.01270494197134,3.70072096768327,4.513314296204
"13301338330",0.866519782268811,0.573397070154735,0.753356766721234
"13301339810",0.696636586393333,0.94218278371012,0.787083530942558
"13301340501",1.41434816258631,0.90356348484432,1.36445215976617
"13301340916",1.32184788817608,1.29307140554913,0.547687766289158
"13301341302",0.690034304706741,0.513867716361519,0.890033856511082
"13301342074",1.53799058898609,1.03904492284282,1.31124312084453
"13301342806",3.26289263894059,2.452748168451,3.40026005769777
"13301343496",2.71931336860538,0.284144186257062,2.79359372795604
"13301343623",0.379960326663421,0.302533869845329,0.191435806589129
"13301344095",0.739998006731952,0.615498223650799,1.01795993662069
"13301349556",0.375013831022835,0.567584486373609,0.390972131782095
"13301349568",0.347159495945228,0.270604091025882,0.399309266746131
"13301349655",0.239589657049691,0.221842701435353,0.309759571930103
"13301352205",0.352713019803324,0.22976079835818,0.596134175649924
"13301353071",6.06116263425821,NA,NA
"13301353242",0.612736742126503,1.46614960601725,1.57815550125986
"13301354312",0.83801259659959,0.0455151892855629,0.502274564855594
"13301354639",0.587529793611831,1.07067436221097,1.07748093446682
"13301355172",0.398033091872493,0.405147664516234,0.419199125493337
"13301356720",0.413564314479601,0.616451557049348,0.382830584584516
"13301357180",0.412243316241284,0.431179242723436,0.371150524120017
"13301359210",1.68070569094567,1.92037640449945,2.27453444108196
"13301359969",0.412713385576988,1.07136346106436,0.727876824896377
"13301360799",0.579712374320231,0.163016591936618,0.492180806000697
"13301361863",0.943379534906292,0.698537842370521,2.20348745298973
"13301361927",0.368386705289062,0.458142765259435,0.534972772109773
"13301361944",0.679830348451748,1.07100154829749,0.566430673821817
"13301362581",3.50485196388927,3.28719866903418,3.02631066369558
"13301362652",0.716777358847513,1.01696525480898,0.541655830422609
"13301364132",0.793253209847914,0.70863683324528,0.431879624983044
"13301364568",0.413533163695245,0.2332071373338,0.387115240068689
"13301364618",0.442987751061464,0.0945270494638905,0.267175877645128
"13301365678",0.524793231431209,0.219912828483541,0.343733354843248
"13301365871",0.502285743065988,0.564442287327949,0.4047270951615
"13301366488",1.53516543710145,1.96163653693418,1.60089485813429
"13301367096",0.25340061762895,0.298418499062414,0.501016629545511
"13301370182",1.34599112438535,0.8263834788757,1.00442500323914
"13301370438",0.309419233480331,0.498344012279258,0.574794245246317
"13301371095",1.36398729267039,2.30277064429606,1.42899817576751
"13301372290",0.864741809736715,1.6460192528315,1.60226482341094
"13301373552",0.935574560962413,0.764134474339576,1.00984031079086
"13301374719",0.406866520952014,0.361808410970851,0.740234659183396
"13301376585",0.907976425899121,0.914576681660792,1.01496123054653
"13301377285",0.258261943377565,0.232171047913178,0.317775521424307
"13301377981",1.18564450916954,2.03858329649693,1.60723174161039
"13301379612",0.697767209437038,1.37651690583496,1.20467204562059
"13301380597",0.99477567146016,1.14311173000772,1.14004590473474
"13301382583",0.564831555994587,0.542073931430515,0.381613211856591
"13301384581",0.859783562771845,0.783747031650306,0.583875104603044
"13301385047",0.652945497194523,0.923404957947932,0.819358716711108
"13301385537",1.07936049679438,3.61205557782014,1.35049781827863
"13301386389",0.194196813861151,0.112852755036383,0.581332787726727
"13301387166",1.98520525198219,1.84901056924908,1.45062092832876
"13301388940",2.5213041539221,1.26577399647698,1.15693933102505
"13301388994",0.348375616720981,0.375469319666512,0.388472620130102
"13301389722",1.78250067810421,1.16158868372477,2.02671334099462
"13301391352",1.79131318801268,2.75296915354069,1.65747200487129
"13301391476",0.861297193764369,1.50493271009278,1.60683314992342
"13301392695",0.485801544184208,0.363974033805198,0.609402074259808
"13301392957",0.43267353130339,0.22279668470665,0.242344433541304
"13301394325",0.637106204352245,0.872382775732822,0.912959312358825
"13301395485",1.07661355644586,1.23003587027099,0.594436202062652
"13301396856",1.70438804865561,2.14218918166629,2.33475573731838
"13301397654",0.641897098021887,0.334832968450603,1.20831097065644
"13301398136",0.380515164042261,0.347830929170246,0.241731620354929
"13301398151",0.215191529961199,0.262191146427658,0.448102958549174
"13301398623",5.85248060978087,NA,NA
"13301398656",2.2221140713946,3.35458500489999,2.3141312926761
"13301398793",0.351710437041344,0.270628819940513,0.193791575975007
"13301398887",1.80617635578709,0.776896089306926,2.78401819376842
"13301399314",0.138517878905273,0.216985158991744,0.495014324969314
"13301400398",1.34726887551297,2.11067511668919,2.75820709091654
"13301403122",2.46486742277799,1.0164468014562,2.4762583748644
"13301404543",0.926754028311747,1.56425128515957,1.06031509615927
"13301404958",1.28218153522791,2.13973776660468,1.78441853162409
"13301407405",0.526748554862343,0.50449197746172,0.762059161989729
"13301409512",0.573076162643008,0.371563291358959,0.608813204902813
"13301410259",2.03620868780278,0.846213626242939,1.24873308966061
"13301411862",0.620897632883568,0.129342962597541,0.266436890998567
"13301413935",1.39216830871815,1.33715853752374,0.592909785143204
"13301415498",0.353306212336559,0.0557440032773765,0.395979030909721
"13301416062",1.34726887551297,1.82924835178334,2.55951431502348
"13301416248",0.476869004820875,0.564856719916737,0.28963845871424
"13301417106",0.602863491030326,0.0761499258614918,0.119741486080486
"13301417317",0.574720303341912,0.627254832711267,0.625215299872206
"13301417514",1.5488124357461,1.50257677251295,1.69778412911274
"13301418131",0.367438112791305,0.247794740339479,0.148275349101483
"13301420331",0.835708921506513,1.30731046119897,0.826523621811812
"13301420532",0.952146700630843,1.51111334938674,1.68705555263153
"13301421073",0.343439314834984,0.75096364981746,1.76866763573791
"13301421436",0.26046202177613,0.177854841634259,0.339520717654009
"13301423219",0.933797243396289,0.919963022032451,1.04078206467508
"13301424450",0.609795978329736,0.504571960402532,0.314615824589034
"13301425064",0.799029261906734,0.231909801696459,0.275166985540644
"13301427195",2.03979645494711,1.4852515356724,1.36456226992179
"13301427767",1.28706211398801,5.52686882458462,0.730657244162771
"13301430162",1.56652473266142,1.29125620528353,1.00478714881314
"13301432985",0.554628221539732,1.27094118415588,0.407549210838688
"13301434499",0.503226532730652,0.299200777314896,0.521247079220578
"13301434542",0.60940043534407,0.481690042130172,0.431685655785445
"13301435682",2.11475076101177,7.11780580225955,3.477193929604
"13301435693",0.37462613076041,0.298024861094392,0.355277680176498
"13301437496",1.58248907836994,0.673108371044219,1.51483761938711
"13301437519",0.912316320733062,0.957910365312777,1.23363589914335
"13301438026",0.309419233480331,0.498344012279258,0.574794245246317
"13301438480",0.75646941923692,0.555048711463189,0.662645977866688
"13301439217",0.40103012151208,0.44793599506729,1.38097595668168
"13301439415",0.369686990750761,0.333364349912397,0.28505987347899
"13301440269",0.625311976348397,0.556790375209112,0.490080210255152
"13301440538",0.660868399022937,4.56027301199621,1.10783926476883
"13301440726",0.402369854051199,0.366303961691596,0.356480694383842
"13301441371",0.42770023928837,0.765085430561888,0.466402516372985
"13301443167",0.548616767940812,0.553376572345248,0.347898104541491
"13301444041",0.278184846526885,0.428548853911275,0.415273592852638
"13301446648",2.29484899475462,1.21377539286291,0.728051006452702
"13301447988",1.78374739909653,1.60051022143006,1.62007945746266
"13301448077",0.502930444745566,0.56189536107034,0.602504405116576
"13301449130",0.512934442235466,0.644574498626851,0.554550318967528
"13301449473",0.910899472305913,0.676596421109564,0.691689093239394
"13301450168",0.358220254062398,0.652336884823938,0.475412334875669
"13301452569",0.271599303914751,0.538020866976725,0.531277318587006
"13301452633",1.18794030648265,1.60101377263859,2.23804030547387
"13301455997",0.557110830418382,0.391273573320378,0.240684184584702
"13301457942",0.882650424223296,0.548833282859082,0.882494978782228
"13301459138",0.319275945840275,0.321000129555549,0.486436792726813
"13301459187",0.574720303341912,0.466952276618066,0.601663384474222
"13301460538",0.753468835023458,0.274391802581652,0.248791075883225
"13301460860",0.358354446104154,0.138525613765164,0.490566111520608
"13301461903",0.571775485279864,0.246080218097271,0.176488643470964
"13301464575",0.290991713758568,0.671602174764038,0.491134626519088
"13301466204",2.3175728538353,1.97892683436637,1.51395281321244
"13301466796",0.668775847973773,0.938646640943013,0.999766871519197
"13301467500",0.887338297835244,1.25204788076777,0.968888250238645
"13301467983",0.723214161720143,0.464762105775253,0.523026305989986
"13301468459",0.985310223528652,0.776117676668882,0.738256157026307
"13301470601",0.614104766779384,0.771099870006633,0.813050760717391
"13301471296",2.95998789130935,2.35662177808382,1.84834302170933
"13301473408",1.04469634412658,2.18018546211897,0.488334296594988
"13301473638",0.434765358094423,0.371916935064834,0.449376844177132
"13301474507",0.991943125980412,0.97824943189226,0.823690281337522
"13301475648",0.291654933858992,0.456332105523549,0.393707425029043
"13301477385",0.475041368329109,0.365135088613,0.466708754916169
"13301478095",0.291811682714262,0.194205424200343,0.11746445984685
"13301478107",0.87022614293826,0.602249721976169,0.604595803205948
"13301479538",0.716452813862323,1.3049512808923,0.732304812798378
"13301480139",1.09941999087549,0.767091378777745,1.1689412682081
"13301481509",0.276216654165987,0.139108543248849,0.0931899020211345
"13301481996",0.413564314479601,0.768290362674156,0.509841916993152
"13301482432",1.34343637791341,1.46459143893058,1.12647737241148
"13301484156",0.589019994734495,0.399446826288387,0.652601659475308
"13301484563",0.847815435095792,0.511897235673783,0.792604378618468
"13301485368",0.368045247513829,1.5050895835611,0.877229906973628
"13301485593",1.86164695700502,2.59347199445056,1.35306835114957
"13301486053",0.881222156434201,1.4791292273516,1.33965515030275
"13301486243",0.381716658581402,0.254052694666846,0.264021167243591
"13301487632",0.26931651506958,0.499018415681847,0.409302790789474
"13301489120",0.446588326276947,0.528924138771908,0.698814744537523
"13301491012",0.404399248522385,0.242777380836331,0.210759056719374
"13301493026",0.729603103662236,0.544321769487341,0.324092283938809
"13301493135",0.293370239642635,0.167068506229675,0.286792328555017
"13301493216",0.253215404727458,0.132260521533127,0.234991197268441
"13301494663",0.283483033181291,0.206420921769306,0.516721136180639
"13301494695",0.593178317085334,0.506892593869778,0.850136607893267
"13301494906",0.397861835590135,0.506661433358141,0.48114832998198
"13301495450",0.806857291167687,0.353431975589749,0.222374511921398
"13301499602",0.379960326663421,0.126635010954544,0.149192182567277
"13301499914",0.182871221652367,0.148312643897882,0.259012434198402
"13301501244",1.20829526023889,1.91155671543075,1.71091751022345
"13301502376",0.854456572467531,0.72799964329813,1.07836963134705
"13301504713",0.498550488423783,0.712389657416761,0.716792200842704
"13301505042",0.157541237501237,0.330889506102184,0.292127977510412
"13301506706",0.753753859875295,0.549134966237783,0.452081118811171
"13301506969",0.940454983151652,1.93618548182182,1.24831520688092
"13301507115",0.867422604224181,0.571116276269449,0.570379447505767
"13301507660",1.43852532851442,1.14893807156548,1.51065781549983
"13301510382",2.20373687261756,1.40934720472306,2.82961951119408
"13301511241",3.73842483526785,2.88010312381621,3.5622836147465
"13301512089",1.24389117589108,1.44153643296284,1.54821678571178
"13301512644",0.510218208111436,0.92574766102805,0.764731595000473
"13301513303",0.395125773076239,0.462273557569697,0.337170636088666
"13301518951",1.21128861124982,0.514433060350962,1.23876880498662
"13301520380",0.37129203559565,0.232177997194487,0.30396719463032
"13301522756",1.37695597661859,1.01555001503512,0.753615064417714
"13301524041",0.724888475114379,0.406242103372525,0.438206459792127
"13301525534",0.138517878905273,0.224484833649975,0.210594198103417
"13301526229",0.641900898231148,0.890770294944614,0.852116203330156
"13301526921",0.232842470188402,0.669741664551919,0.616442681214583
"13301527573",0.676565471440736,0.674040042426824,0.710354527220194
"13301527855",0.898263258152647,0.655867186713097,0.775003706354985
"13301530262",0.942134343222557,0.872240076999475,0.671900179216125
"13301530269",0.965053491550094,0.507644944324568,0.778141171220503
"13301531771",1.29512038328915,2.10691723461558,1.22252301909656
"13301532204",1.04617141488148,2.39147972344887,1.3752227137304
"13301533180",0.270773919232231,0.433236633041192,0.429305428045278
"13301533433",0.573076162643008,0.378838406012471,0.389027445423459
"13301533779",0.249800021676377,0.544368290181721,0.51709513788474
"13301535661",0.849616126473892,0.494172390775042,0.609217422168146
"13301536629",0.502949171645179,1.88249024008817,0.902676230965087
"13301537158",0.910437674496869,0.473322351717403,0.397380589167049
"13301537710",2.6523081779575,1.53532931036541,2.78968121854187
"13301537992",0.648058036908913,0.459366170734895,0.597424739592996
"13301540199",1.77709952667643,2.45676427185152,2.15862630550711
"13301540447",0.419837807736165,1.14125710917463,1.666115573261
"13301540588",1.17236936575241,0.762151328592859,0.383429535055741
"13301540735",0.595949803248205,1.60136633588774,0.901729852663895
"13301540886",0.321226085765753,0.571472732197971,0.520973025055462
"13301541060",2.76538532511772,1.43758204132576,2.53173918429312
"13301541525",0.578942507367712,0.862771767654854,1.10940565561811
"13301541662",3.50805926340887,3.62149741365226,5.01570536456935
"13301542144",1.6135054604801,1.04358775864143,1.19377603090638
"13301546056",1.02813916854668,0.857803528440223,0.904744062930692
"13301546083",0.669656032218178,0.452159992843754,0.524207890273759
"13301548945",1.05340981784571,0.234282595306634,0.643318581853262
"13301550326",0.39255139556338,0.14994333121057,0.307424284483152
"13301551396",1.05072046419454,0.510443091713222,0.452139062581994
"13301553022",1.66077939447062,1.30532787935735,1.6769650070847
"13301554212",0.676563678981002,0.478536335400761,0.867717533641889
"13301555148",0.242238263348874,0.0352918496488692,0.235536252541723
"13301555753",0.586635094593105,0.393332870950842,0.43926902852225
"13301557043",0.248166310676315,0.348605446774744,0.329993875110624
"13301557074",0.419014119611992,0.377490963902854,0.496133607750739
"13301557535",0.654212365504318,0.0953705522715996,0.136363045227247
"13301557788",0.478260258340321,0.327355226441468,0.797942923018817
"13301558033",0.473034817039115,0.561435324491888,0.556956411591092
"13301558430",1.85216816586793,3.74464786684075,2.06216474014658
"13301559656",2.2882407807755,1.36398084194067,1.12945996615901
"13301560179",0.915334983344618,0.564197785096391,0.442035056356417
"13301560881",0.510119484329035,0.936656894537483,0.787015802327886
"13301561660",0.360293954418261,0.197652646776299,0.360975279657999
"13301564349",0.233226723873954,0.541676812518964,0.50231915193368
"13301565650",0.964854377680023,0.472223151387943,0.886815806051299
"13301566565",1.03016516477075,0.777901704949762,1.2503916680513
"13301566650",1.3973997159796,3.45427695676214,2.17918598961436
"13301566975",3.20289216975661,1.98915187474947,1.89811386741168
"13301567575",0.310699427360728,0.953647497313697,0.457983421354128
"13301568164",1.81794085068118,2.53995797957404,3.73005912286385
"13301570705",0.913952491328438,0.58394239604215,0.988607247445559
"13301570995",1.55859336873325,1.16396021879169,1.07242390507905
"13301572102",0.595765331602869,0.472113311265426,0.365888979386315
"13301573988",1.21450298506447,1.15604729969515,1.03686638599993
"13301575150",0.254466647622067,0.242275405681751,0.266711391017021
"13301577656",0.324707900236682,0.0672291271702899,0.186896332906269
"13301579737",2.18610938916793,4.22995596633405,1.72506020884235
"13301580379",0.875789118642086,1.82020063283535,1.13938379249437
"13301581299",0.919043512442767,0.67935019843651,0.474471927083926
"13301581601",2.22715465084524,0.511525142141232,0.935221393949992
"13301582571",0.52894430256361,0.72227067758685,0.77191993646789
"13301582684",1.33122447983195,1.17105662341793,0.366339739524777
"13301583921",0.675613526646287,0.425635263061771,0.419015534574512
"13301584944",1.77491878644298,2.920169486822,3.41891393137442
"13301585670",2.05844405094742,3.25435780105008,0.494359874934816
"13301585717",0.539640619721061,0.693531241416894,0.971149805353916
"13301585794",1.19835519476885,2.13531777704496,1.33861626471688
"13301589750",1.49083851684568,1.39188347325494,1.93801158743368
"13301590868",0.70793020716962,0.730085412181944,0.519223866499061
"13301592038",0.632718700733404,0.594824904979472,0.210002401598044
"13301592561",1.42929394994032,0.712801109098434,0.575514994516304
"13301592930",1.43553956907353,0.360675753598058,0.390485195104807
"13301593942",0.585658483889901,0.569961884934935,0.544281818384432
"13301596547",0.592267071412378,0.460338779626899,0.504289023549769
"13301596813",1.2988280437534,0.976925064389279,1.00698506177016
"13301597605",0.717229761406745,1.00417437116272,1.05153636772206
"13301598187",0.87022614293826,0.557587856022802,0.616558297895545
"13301598374",0.918698227708945,1.46072367408308,1.01876959837735
"13301599470",0.614154805153694,0.322568195171357,0.758021077359689
"13301600153",0.322384498411149,0.518093909480265,0.360302514911779
"13301601304",1.21270037505422,1.84041592159175,1.02233601637674
"13301606016",1.3307611605639,2.4519960420632,2.19729317863911
"13301607105",0.756650397452944,0.846177037688018,0.580892212269264
"13301608003",0.376454815215992,0.487777977265798,0.676935011439335
"13301608164",2.14507628119372,1.7442940003706,1.48982822469814
"13301609399",0.325437406547995,0.220827598819241,0.398129521258456
"13301610320",4.04992161005833,5.16375953345439,2.86912306834514
"13301610562",0.78110881817287,1.5916166720479,1.2005883307268
"13301610708",0.529000236647128,0.321540844554234,0.800519441804838
"13301613054",0.581565596364999,0.526438730574378,0.84365117337884
"13301613161",0.435623956830857,0.407002185262222,0.403763982312116
"13301613875",0.690554960989791,0.800275160126531,0.914880736043969
"13301614436",0.248043428735882,0.0767702330103233,0.21769378147157
"13301617182",1.16624256414308,1.34359352135007,1.09712327034946
"13301619333",1.05405627111314,1.37868807355777,1.72547418520282
"13301619931",0.20812629412726,0.246759520999377,0.565106747121612
"13301622656",1.90899290590748,2.02066685821866,1.22024279790845
"13301623251",0.530400860971634,0.44625804251448,0.484847620317455
"13301623451",0.801630188351879,0.742000033224541,0.732985620993073
"13301624691",0.39640438994056,0.49631758014154,0.260870153904998
"13301625311",0.490004390315455,0.329794665586532,1.79289100686212
"13301626666",0.785137890727704,0.971656811553765,0.974480660503629
"13301626866",0.530571725855305,0.341763345540395,0.379752819709693
"13301627836",0.777938667499252,0.88390211662537,0.588634963751399
"13301628912",1.11298640112375,0.935357991408822,1.26149413818704
"13301629300",1.57695467064606,1.08108463171532,0.943062341784597
"13301630815",0.825982024697592,0.40606554802593,0.658107232541884
"13301631188",1.32155708999939,2.23151322476006,1.35684307843739
"13301631248",0.655311650830137,0.212593919832832,0.583477726534233
"13301632669",0.668948553465052,0.790879548934826,0.383153976834621
"13301632937",3.56644347573606,3.68527990671962,3.03047162563734
"13301633113",0.212289516228889,0.340728132626431,0.207258094204413
"13301636172",0.324850955116618,0.415626567345271,0.34191230672534
"13301639225",1.86753377520879,2.99561632633342,3.41139096037994
"13301641597",0.168564618268993,0.281185519248388,0.314581506794835
"13301641910",6.25482454992708,NA,NA
"13301642119",0.69643709499517,0.736999103583556,1.1178859047728
"13301642424",1.01228721639057,0.842450601753888,0.723897843678677
"13301643295",0.653036032940982,0.949379864518912,0.74876942224806
"13301643318",2.31863188577765,5.07586160656206,3.99458564042941
"13301646340",0.315369140092949,0.252611962392285,0.274313764941437
"13301646989",1.33799384453196,2.77637348628074,1.13972168916401
"13301647813",0.70793020716962,1.45108141548644,1.17527392634243
"13301648710",0.314114508290249,0.271435600809123,0.58859270018103
"13301648907",1.208557262136,2.48306417109714,0.669716245698702
"13301650843",0.507140717719015,0.957348478588002,0.623705908213186
"13301652445",0.452761372926574,0.783161317318065,0.770579209199135
"13301655083",0.244557742038003,0.692974950993437,0.793090799125411
"13301656357",0.783951338419667,0.524466604285158,1.28832877014094
"13301657732",1.04772779604559,1.52064226829699,1.44984458184654
"13301658326",0.375077740234467,0.397091032651538,0.469057534079077
"13301659219",0.634983278493051,0.979239022854512,0.553114410937084
"13301660922",0.266350703787247,0.40249212755653,0.677571209570059
"13301662301",0.986324073990434,1.51856254007483,1.89711134221933
"13301663041",0.314782455971601,0.483362092302862,0.318830312506646
"13301663448",2.37505372028294,1.13847319043483,1.50140811547068
"13301664189",0.359661846834868,0.612666017949898,0.546138598281558
"13301666596",1.55737629621332,2.05559801092247,4.79315684499965
"13301666634",0.202542840226377,0.530864733359954,0.530092807581763
"13301667180",3.47447800111357,3.9383961711977,4.58346306568766
"13301669350",0.565663403300765,0.592961542387236,0.430439396891777
"13301669403",0.5752723215136,0.696909959471254,0.722712499510545
"13301670432",0.752907555249081,0.440354687532546,0.471201735636723
"13301671972",0.400088152671932,0.624986073927726,0.253353663693869
"13301672769",0.876761220754347,0.428026649021257,0.331486871304431
"13301673079",0.902380893304057,1.20134748536623,1.17996761382577
"13301673989",0.340830822728496,0.0591417272547285,0.175235597759922
"13301675527",0.206272979865722,0.514841980345663,0.384088083536807
"13301676909",0.66792355567529,0.67924337091886,1.00130584726346
"13301678009",1.0411041778558,1.20410689112458,0.805639265486571
"13301678112",0.704883874094126,0.462505212558611,0.572481662459065
"13301679769",1.13346585649804,0.900286914659769,1.27056865372526
"13301680778",0.28979553230664,0.421539473377755,0.337901548102519
"13301681956",1.39216830871815,1.00949796362141,0.357537722876334
"13301682462",0.340666495311093,0.420466152041035,0.329662505123974
"13301687732",2.07696412259188,0.947575652247623,1.19496277226612
"13301689384",0.342002726639245,0.477948658517757,0.433893251270035
"13301689585",0.31026324601691,0.120535441765779,0.405430904241759
"13301689793",0.257389582446154,0.368127619092934,0.406069377474938
"13301689999",1.19342498638239,0.981270121522517,0.934780503697415
"13301690393",0.651305650491057,0.233262657775058,0.871865675499935
"13301690961",0.317047841022632,0.225372074341235,0.332343399428177
"13301692172",1.94339210250677,1.56262005665092,1.53170065542431
"13301692753",1.06929173751208,0.871522726831901,0.859314155803139
"13301694257",0.58708730110408,1.13216752267071,1.38790657998226
"13301694285",0.652945497194523,0.747307189563297,0.687830821561383
"13301696258",0.455767524735132,0.465063799089461,0.827904563857911
"13301699380",0.833569528889739,1.16120644467366,1.25278825780506
"13301703154",0.271599303914751,0.483715018252915,0.496331531187279
"13301704212",0.639964480302691,0.367370859166951,0.49654628545524
"13301705015",0.942626552360395,0.332182205778159,0.923540363394635
"13301705737",3.37100565557263,2.7818391601992,2.13020197064767
"13301707349",0.764913059565855,1.07132775299646,0.844928275751598
"13301710938",1.91949579731026,1.4167709127989,1.55357430131632
"13301710989",1.24389117589108,2.37433815262979,1.28013966753186
"13301715238",0.645047097281835,0.446356783027689,1.07048883617835
"13301718395",1.19769287400893,0.309333618519,0.901939897533909
"13301718799",0.218853949687597,0.184077838210873,0.475348620134328
"13301718903",0.546277482246246,0.577495444971613,0.708753469498301
"13301719879",0.296187897716339,0.233233267853948,0.731900259310034
"13301721618",1.15535339499522,1.82498382608749,2.31935745531991
"13301721703",1.03849941167343,0.677856535606848,0.388176700470201
"13301721713",0.339289848014878,0.476847632993429,0.253536387604721
"13301723205",1.32243891264615,1.46481238491448,1.45912773965115
"13301725473",0.451124522488496,0.338096586592756,0.567364871399166
"13301725981",0.658254642682799,1.51575887208785,1.67355451342706
"13301726590",0.855915455707292,1.08524757549542,0.861449619778745
"13301727307",0.855709271912812,1.13243315583515,0.931614599637467
"13301727319",0.607665145441219,0.393104025157583,0.217941898712704
"13301727343",0.394919826231761,0.777285483665398,0.940702787620699
"13301727946",0.262883480235181,0.812515400459308,0.713506323143671
"13301729248",3.29441280381269,1.69239446946588,2.40742623153715
"13301729614",0.870634027987124,2.43355895769293,2.0919352972005
"13301730688",0.43497385235581,0.81488794160673,1.14672292970715
"13301733763",0.275627119106563,0.211066659301554,0.192030452935777
"13301737887",1.98216861045221,0.806743423640926,1.7494268511136
"13301738081",0.359657053723946,0.83577368956919,0.31187557675662
"13301738599",1.10068628125948,0.465435849117709,0.320996149394521
"13301739197",3.15920689770083,1.11290692159981,0.712107130470499
"13301743416",1.37681180541479,0.583533667645114,0.844268925536959
"13301744123",1.86738581189281,3.28818145519583,2.87793946983819
"13301744583",0.565108928432962,1.02080318951415,1.10628831754329
"13301745008",0.297217784796678,0.427264975208602,0.662289369615645
"13301745699",1.41057653117596,1.20678995387241,0.994746430035219
"13301746731",0.520896546800927,0.49631758014154,0.259082455214175
"13301747211",1.64642522346688,0.520223840994391,0.591041738253811
"13301749454",0.640326666940472,0.67942322821689,0.261600732609786
"13301749549",0.274368948769728,0.283438964308211,0.435531327696363
"13301750237",0.719139397537978,0.782717634482467,0.702071055395311
"13301756746",0.707338288858147,0.887804155411882,0.656695352687659
"13301757962",0.581495338844723,0.49307682460995,0.339429436070709
"13301762892",0.489759318454275,0.5635306444585,0.489731552043196
"13301764537",3.10615728783321,1.48841036402166,1.28780905137945
"13301765923",1.11788670805052,0.567850339060311,0.268079522191217
"13301767706",0.907554406415197,1.87012226771187,1.47447405044339
"13301767749",0.469976892813132,0.474710953191798,0.72980330809269
"13301768730",0.391200509855917,0.442224814252023,0.874145712605889
"13301769018",1.57957789420297,2.0426765484501,1.73407154364821
"13301769504",1.19439698913802,2.02083333013558,2.2675736006115
"13301775301",0.412712551917601,0.231425046590224,0.423309924444218
"13301775429",0.484031151870763,0.896663878002049,0.78115368143408
"13301776771",0.546682199321691,1.05522412817908,1.16571809802165
"13301777227",0.226392937719395,0.391606838011056,0.361207145951434
"13301778680",0.442921402408491,0.382592165391423,1.00299700403328
"13301779614",1.32177899989357,1.67324719617366,0.318664814751403
"13301780400",1.10421353936139,1.40219334485041,1.15026672495555
"13301784123",0.933040308523021,0.463423216060318,1.04274240297097
"13301784342",0.690438665272155,0.504306249126535,0.464805146022396
"13301787061",1.12126906645776,0.360227548662159,0.420938099842963
"13301788655",0.831637280536351,0.44364934287804,0.666012516411076
"13301790243",0.44838579043165,0.914568964022973,0.664418233704997
"13301790505",0.321825140652458,0.850065591083533,0.463062189371375
"13301791421",0.83551714619024,1.22713212118876,1.23284806936422
"13301791899",1.94399636390528,0.499310945257287,1.66304739905375
"13301792625",0.293501894163039,0.481286447672594,0.705225036655884
"13301797714",3.46354423720122,8.73311367255789,2.70524909044414
"13301800193",0.786159296258263,0.787335657830321,0.886614897654678
"13301800811",1.23417689166171,1.3938731873602,1.06125592070488
"13301803102",0.341452650098277,0.459397822880343,0.410359698788336
"13301807309",0.187620813391625,0.757876147785809,0.792740694914977
"13301808013",0.420936962478325,0.127931212526473,0.13447814938067
"13301811773",0.673316672173114,1.76391365609208,1.46756047711976
"13301813171",0.222338285160407,0.441212271622649,0.403990116331805
"13301814387",1.45127182427743,1.54783933824484,2.01335237451362
"13301817044",0.343573902454543,0.174566080471629,0.163816983756021
"13301817674",1.72090279077921,5.69490412110946,3.42098598843019
"13301821921",0.553381374309955,1.61378133101294,0.805834511267499
"13301826266",2.6089775471803,3.52632870195334,2.28091560127571
"13301828663",0.247038398514523,0.900372884906797,0.868462556706681
"13301830354",0.78963876171688,0.528468071644149,0.801269274836775
"13301832550",0.405954654670788,0.617922575544417,0.858184207889879
"13301832709",0.292326555398108,0.163518570292568,0.258085534539657
"13301833913",1.23325639866487,1.204570210432,0.819206790958763
"13301835245",0.5607530998948,1.23659658533717,1.55765557221822
"13301838183",0.787018824063886,0.930718062954555,0.69400585442799
"13301841499",1.11773630253873,1.32930932643552,2.04476031307933
"13301841942",0.793778940664738,1.21125626429432,2.19543246065268
"13301843460",0.306439751598573,0.325619439380112,0.622130585506313
"13301845141",0.317425258279391,0.581000309906855,0.372821733534001
"13301845488",1.27850895422245,4.34124188095898,4.78372154049297
"13301846666",0.721084663646079,1.50104719104076,0.602923559692528
"13301846680",2.39575308784489,1.82095354026875,2.89529916007316
"13301850509",0.97282841829297,0.415298864686785,0.787545257854669
"13301851575",1.504798029706,1.49202676572036,1.27804834891446
"13301852132",0.601045692784698,0.517820231574785,0.732710920344531
"13301856032",1.53193843336043,1.03834611567796,0.580813400008431
"13301857321",0.20924153021185,0.273753563290094,0.267156670632972
"13301858227",0.410772723735295,0.313698404889368,0.627218012978971
"13301858240",3.25843838292388,2.89769768861974,2.5403158646029
"13301861307",0.520896546800927,0.659967185207957,0.330535740314756
"13301865305",0.927816895429837,3.84457050095999,0.935340035981042
"13301865851",0.292910742195839,0.542035669663736,0.559303891642004
"13301867620",0.550227463771705,0.802293407936141,0.590636122791581
"13301869822",0.387189312654058,0.589601654966118,0.444956366381798
"13301870576",1.11773630253873,2.5188311815464,3.00776619933618
"13301876004",3.13298520605019,NA,NA
"13301878928",0.25010456760907,0.287465790949767,0.500864512617011
"13301879648",1.29027804391622,0.870830867445543,1.0915297859832
"13301882148",0.142088220054343,0.691373314527584,1.18437842259303
"13301889004",0.345895036724607,0.599803291379256,1.11087138702901
"13301889069",0.873862197063629,0.378146365220917,0.423606274728951
"13301899248",0.830577482077897,1.91708130347272,1.51019483379014
"13301901781",2.25019289933988,4.54454145209094,2.79753550815262
"13301906064",0.374463994672447,0.513213345286119,0.513317069623998
"13301913451",1.51676057326761,2.03212778494258,2.14340267113421
"13301914195",0.142088220054343,0.734339468290317,0.493500825670944
"13301916679",0.379189793000455,0.415138260249771,0.353939116670375
"13301917643",0.224512315601997,0.801464217927023,0.649452319103157
"13301919992",1.14475305367692,3.81263933087839,2.29270957041833
"13301920911",0.239632708743031,0.40452852774593,0.771928439327448
"13301936223",0.618959395656097,0.00487525565318107,0.615521094512038
"13301939746",0.456287011316868,0.122295483680412,0.193055865390934
"13301942194",0.399740420453039,0.579473879057222,0.741376392246128
"13301944656",3.89377056540821,1.52109950346834,1.93917723814127
"13301962033",0.447743505122198,0.231606569525661,0.361432508045179
"13301977310",0.886258946905248,0.418215535494074,0.533067805814577
"13301982758",1.97506358800092,0.703467244554479,0.497754825857369
"13301992811",0.967950982599204,1.29743590320535,3.0449069309072
"13301995030",1.8928938131149,0.530536697114524,0.525860694297958
"13302006483",0.225548941793095,0.535141994413379,0.645080799765205
"13302007064",0.142088220054343,0.399300201654383,0.330748548543757
"13302011330",0.335032331345533,1.65006943879407,2.22805977973991
"13302013415",2.11468044567014,1.65843294783298,1.06725329692212
"13302017593",0.660221756008283,0.281656747985862,0.643882762071473
"13302023925",0.55802481270121,0.816782563658346,0.671816470057349
"13302030931",3.74264440898253,1.64762655129092,1.59983845272637
"13302033958",0.283548784118293,0.455585636779334,0.676072324120053
"13302035242",0.32076775643871,0.284488019258665,0.24312201190349
"13302037937",0.285282778893425,0.314511650140737,0.87251435247748
"13302041036",0.179696482734334,0.615167146587915,0.566599813324263
"13302042162",0.598438338545287,1.05560182128508,0.657753625101998
"13302050176",1.21157854736985,2.44363573686726,1.85169603605278
"13302084504",1.8714658820479,1.1018062382994,1.17382703517874
"13302086059",0.901949591471182,3.10598407896668,1.81737175602766
"13302111726",1.25068560107177,1.67934818773153,2.15827093853844
"13302119769",0.741936679769991,0.995704935499741,0.545466461054572
"13302122844",1.30988164418016,1.8535673327287,1.62230806028182
"13302124515",2.92028499151355,5.05992907242524,4.17929984372388
"13302135372",0.583176076708742,0.0588097381590273,0.192744123739937
"13302139791",0.758929803200541,1.66349718309595,1.01197570355984
"13302143360",2.88375843641153,1.55536736701438,3.2015775535395
"13302143708",0.187622148610768,0.772050189910051,0.850282622964081
"13302149956",1.28072033891558,1.24584240646083,1.17085676205276
"13302155266",0.448124944203979,0.362684636370657,0.534490193430786
"13302164050",0.688635499306649,0.364407162784576,0.59839783465606
"13302164533",0.738094833495582,0.431965705346256,0.252654713838696
"13302178089",0.533673466750465,0.883624325167833,0.609776603904389
"13302181963",0.415740251969673,0.405781276376958,0.985690149085319
"13302182084",1.19966009690861,0.854127457091444,1.15949850104636
"13302182462",4.27057123091103,9.67622199480677,5.6981226585811
"13302185829",2.31970130275254,1.69231901304748,1.87440586381561
"13302185949",2.06186040583208,0.881946703429198,0.829635134501425
"13302196074",0.21757957853624,0.385495490160177,0.397256836896078
"13302197275",0.594433498245367,0.788593069566695,0.677925388426051
"13302203454",0.326783712406739,0.233564135869713,0.327790173999702
"13302207716",2.57843242552482,4.04191738264837,2.85736864240128
"13302213752",1.72897876425828,1.40099512339323,1.2448878438932
"13302215546",0.428959008223921,0.571364613180833,0.890015649625287
"13302217009",0.21614889258679,0.254633218613511,0.341732504018291
"13302227091",0.346307180520697,0.395255264877614,0.57503065011644
"13302230818",1.51831794448028,1.21992682383384,1.64186235176923
"13302231689",0.941193832781841,1.11465680729329,1.44912597912216
"13302236851",0.858814602498897,1.3937570243439,1.43538555639039
"13302247713",0.484168210043119,0.651606722515437,0.433963234518333
"13302250227",1.21202979103379,1.46003721705054,0.81486047359299
"13302250457",1.1033880993517,1.87427710507169,2.38824098669766
"13302253134",0.66168866949357,1.01155601585713,0.7247198962228
"13302254179",0.740071780991734,0.713821292251525,0.725373466599463
"13302256044",0.359792711903829,0.229451830797942,0.281767494800938
"13302257339",0.901116769969715,0.593494838401483,0.647631055180619
"13302259038",2.84255093023234,8.59304188867747,1.32064863179945
"13302260227",1.47419735755617,1.90761037133754,2.88079685314941
"13302261275",0.236088564332988,0.12286150158889,0.25321982126562
"13302263059",2.5682731849107,3.0831951157711,6.01241631659725
"13302267353",0.404644713465148,0.573936135534899,0.489504488616564
"13302268316",0.894160401260267,1.55278110807815,0.917126558036347
"13302268960",2.46618595786678,2.07190434785146,2.20071607792543
"13302271025",1.24511286815142,2.01319948799476,6.52298882751983
"13302272700",0.558174313641516,0.308812317976162,0.484783006140698
"13302275770",0.306933599460161,0.659279041761005,0.709573303387541
"13302279959",0.280018104128211,0.224692593386798,0.283198970227802
"13302280175",0.63995637118245,0.34104848755074,0.789234722323706
"13302282712",0.984511098511661,0.997808216335398,1.93553684149229
"13302283997",0.940128122969449,1.28981071100873,1.05841584758168
"13302288919",0.679060042949515,0.411266813379809,0.74144410880733
"13302289506",0.257130787365415,0.498410294531474,0.488357147884161
"13302300670",1.63926760461784,1.5476782245385,1.86127344838049
"13302300852",0.703456885663124,0.657153542179006,0.90976051442641
"13302301366",0.697711367520336,0.369917564722832,0.468242107515384
"13302312637",3.93256793161352,3.7412548059416,2.23341098121178
"13302314175",0.341888577884895,0.124649768251046,0.171670058761591
"13302315140",3.95278352201278,1.54041964656756,3.55754905480775
"13302315975",1.46749795821858,1.48954185514979,0.590300762337187
"13302319043",0.483239217599819,0.421376400513262,0.396625347900943
"13302319507",0.582503082536181,0.463275022536568,0.660339975282074
"13302319911",1.21136222260931,1.35182868850015,2.0059964808523
"13302320009",2.45396108509078,1.40800128106086,1.33968925958288
"13302320583",0.766043145771719,0.395614045959952,0.313519779608368
"13302320963",0.555704785944422,0.292081602493194,0.348780486936609
"13302322905",0.991090579543406,4.5690988337506,3.25089107573967
"13302325883",0.185991740066931,0.231933372872755,0.324828930389949
"13302325964",0.678995263040697,0.90029677320942,0.987440161152136
"13302326948",0.491375278697916,0.304411311682426,0.625169684775383
"13302333860",0.445385814340398,0.553699836098397,0.523631580508353
"13302333936",2.29703313435998,1.63582934930574,2.45604280593991
"13302334291",0.670995918892155,0.415555818287587,0.589786501645409
"13302335784",0.909567194954754,0.830872944839651,1.32821300595096
"13302344301",0.601516705139066,0.47161847395351,0.290231370796785
"13302345367",1.0521198622292,0.993080217434873,0.86726089254033
"13302348672",0.284627575203959,0.489951879756215,0.807581627276094
"13302349364",1.2125151730695,1.81952363815341,1.44722990852933
"13302349538",2.17883098524923,3.26806731798428,5.4805315384903
"13302352377",0.375058373843666,0.564888540429292,0.481747854494251
"13302353205",0.484640425007899,0.370248305485217,0.604185480229029
"13302354343",1.94896629223589,2.45557247567571,1.58719968397764
"13302354688",0.351178539538406,0.426390213701032,0.590777493256825
"13302356197",0.343573902454543,0.261853304474527,0.685021674741079
"13302359000",3.64304655961168,NA,NA
"13302360559",0.492615989205485,1.30382743843561,0.426593005710322
"13302361697",0.756167947181727,0.511375321809215,0.455762265135134
"13302363409",0.272072503137375,0.0743878306324727,0.155982321921486
"13302364620",0.601919654418885,0.560998530328931,0.401346691149521
"13302370711",0.409944653685623,1.13567446666672,1.06995484186607
"13302371352",0.207936298578433,0.589145158784129,0.415047581763638
"13302372890",2.60681136567005,2.88492005209621,1.41032525730067
"13302372956",3.34040674587821,4.12260887426152,3.95541650808046
"13302373200",0.369793107587444,0.572452526828698,0.738067245272805
"13302375037",0.337237098066996,0.66238266732473,0.689486693904485
"13302380930",0.66634800247431,0.671709251390245,0.644638328345111
"13302383898",0.212044019843886,0.708662563582911,0.604795219419836
"13302386677",1.19966009690861,0.854127457091444,1.15949850104636
"13302388209",0.83692735659609,0.919076436758479,0.799456807760872
"13302391457",0.462174841100129,1.08918709061386,0.306051714709122
"13302392425",0.342833883277007,0.970284208624973,0.445109193496971
"13302395735",0.644970628625619,0.946274309666754,0.257131869372126
"13302396262",1.23417689166171,1.73931269584583,1.29203517407203
"13302397379",1.34387204753674,1.4658441560261,2.0992905216645
"13302398096",0.566305599339086,1.9084206388998,1.19178092152498
"13302398420",0.894604104778325,0.580313741651149,0.494716628367222
"13302400874",0.307965027613669,0.220827598819241,0.385264165561606
"13302401841",0.162188233144179,0.365284197547064,0.211868646204862
"13302403056",0.453000482275088,0.226347006555276,0.411041047342169
"13302408493",1.90047422542783,2.88786201607478,1.27182162870901
"13302410032",0.653937776465123,0.392276689537464,0.580826681680373
"13302410138",0.282603024120371,0.359133852428333,0.951069117956238
"13302413267",0.254184507944355,0.188647943061656,0.25728210807295
"13302413394",0.582503082536181,0.286157078621455,0.348326985449401
"13302413968",0.601516705139066,1.05507192726995,0.604223021355241
"13302415320",0.303833839419644,0.190561972829335,0.178219468914403
"13302416428",11.3945921439875,NA,NA
"13302417140",13.3595586848968,NA,NA
"13302419815",1.0521198622292,0.764484105222021,0.689136771524886
"13302419899",3.62036928931903,1.56245155821078,1.47724756182717
"13302420489",0.399266300706747,0.301876972392187,0.352308143210703
"13302421293",0.393693478195868,0.342267243091481,0.06398280329731
"13302421781",0.224019944763705,0.264147192484462,0.770885558681822
"13302426662",1.76103622464145,1.59448857554914,0.989626303404273
"13302427744",0.479202337083259,0.785419738081446,0.931884485818261
"13302427963",0.570443227097846,1.00375909957422,0.8591052813328
"13302428581",0.709211818467919,0.417302896427608,0.613618273617
"13302431103",0.438649527589277,0.896837304779866,0.338046740786945
"13302432011",0.459335386880873,0.266296196044086,0.235428300041871
"13302436516",0.901453293670985,0.91178957779588,0.776386739151271
"13302442712",1.6834461148569,2.02996500219661,2.75246356421055
"13302444554",0.24812027756788,0.775470155720479,1.20420726576264
"13302446501",0.415780033139058,0.408478068972004,0.626971376875266
"13302446601",0.838093432950603,1.97932401466818,1.26991471793488
"13302447508",0.772909091584187,1.01220254035489,0.60114629738974
"13302450444",0.224019944763705,0.0823647891853011,1.19073785541063
"13302450566",0.401563037318092,0.88504685911159,0.949802213018012
"13302450585",2.54910257816364,1.38730881132965,1.73666908009479
"13302452438",0.524814420207164,1.01802684809077,2.18774567634563
"13302454292",0.395923810214903,0.523438473592851,0.482417170135905
"13302454390",1.60712391469237,1.15295098026933,1.48338359493693
"13302455771",1.15988100519496,1.81043468376943,1.88575262328821
"13302456994",0.738591427022834,0.763541480359912,0.963537320471217
"13302458771",0.867425762689437,0.782689333707266,0.709250464230743
"13302460457",1.0294587299511,0.780915324763583,0.594747424613788
"13302461029",0.287928224077033,0.485257261791726,0.497141557365857
"13302461565",0.735086267629728,0.842644531419575,0.300086663439186
"13302462520",0.341823234357596,0.122039875053835,0.344820328507462
"13302462668",1.1771202144885,1.4609721461694,1.04774757780165
"13302465961",0.410593797687747,0.871288711796366,0.244679259242655
"13302466334",1.45775828542371,1.13261125567655,1.59430460126657
"13302466444",0.5319940854082,0.365278481817081,0.504429054767863
"13302467369",0.377307832076004,0.608314409839057,0.517036083625272
"13302468433",1.05978305058462,1.40089031682956,1.3163656523776
"13302468910",1.7705507400478,0.711748386738953,0.583465032117325
"13302471100",0.46965049385478,0.499641163898272,0.512443413067549
"13302473159",0.359729454724251,0.20445268712681,0.249127698967041
"13302474594",0.664448496874398,0.25226472944035,0.395470834278248
"13302476337",1.03067030654541,0.593903109483875,1.48475473283847
"13302476341",0.281359915320646,0.399057102425356,0.420906049772857
"13302477040",1.64445791612234,2.36387566316708,1.84301049535848
"13302477269",0.312518349704205,0.29315863760664,0.220092191301517
"13302480070",0.537165481692967,0.537178447178641,0.46855106010543
"13302483960",0.487028019462149,0.419309609098845,0.846543805710674
"13302484230",0.170817691216326,0.566653297988942,0.443546485656696
"13302484563",0.930047101458502,1.02778786711831,2.26754680567435
"13302484960",0.399998170269682,0.941343455390819,0.745977032193555
"13302484981",1.16552565789453,0.920312501756806,0.94467507780455
"13302485648",0.614776005487959,0.545588991302628,1.05940816724818
"13302486447",0.407023015189995,0.629145785554837,0.586102700565459
"13302487372",1.23219874747141,1.11575823993639,0.69342206247512
"13302488495",2.26144246092836,0.408896355287854,0.311781471670893
"13302490860",0.969877120984082,1.25048393338366,1.22163853104294
"13302493124",0.379409966900553,0.258151892132344,0.264577228457166
"13302493321",0.772761515484286,0.276385637187088,0.5826645614951
"13302493910",0.142088220054343,0.206133200435452,0.264577228457166
"13302496341",0.222543056266729,0.699541838794347,0.475288621107526
"13302499592",2.45098584595074,3.02718183507586,2.68460613675489
"13302499844",1.53059428026877,2.63625735660483,1.72093540353158
"13302500146",2.37135568376694,1.35929850673799,2.58756184316113
"13302502339",0.847530021447178,1.68509671887042,2.13101392691584
"13302505998",0.755100489929754,1.74794573658689,0.720514170841157
"13302512699",0.913143368231843,1.55954033152562,1.47851485528693
"13302514491",0.776621408877229,1.09001057835171,0.756013029128282
"13302514790",1.52099706240886,1.25287597118457,2.78516686837761
"13302517277",1.58620399170463,1.14444799039542,1.74994351293824
"13302518401",0.527724192021451,0.704215289763841,0.699848540896465
"13302519851",0.467090717464626,0.458581870531712,0.796374841097976
"13302520387",0.762273890791608,1.25366138521702,0.968594877010613
"13302521576",0.423305251799667,0.554471306314136,0.620288831032117
"13302522994",1.63926760461784,1.38143277289695,1.89017237798233
"13302527513",0.575487950273651,0.481290950654647,0.879569910110147
"13302529321",0.673316672173114,1.76391365609208,1.46756047711976
"13302530479",0.466308026141472,0.448216121487537,0.487055295750343
"13302531111",1.53407782893803,1.50576158716828,0.917713871819972
"13302534318",3.64381773893074,3.61344609261451,2.29377469716609
"13302537798",1.5414164547608,1.11938511411499,1.16777279127562
"13302541063",0.752203615591521,1.54335361200277,1.16134182724793
"13302542167",0.755950839531301,0.599389470606187,0.849235397655644
"13302543694",0.702938541618996,1.99708435160992,1.68393809342582
"13302544331",3.43150206562375,1.29585263557779,3.0945801027274
"13302544748",0.595748595279947,1.11917236839075,0.987646936171294
"13302547109",0.682598762400285,0.823487474919956,0.690249778590049
"13302547408",0.966882168130496,5.5281302615976,1.07226117477278
"13302552234",2.37850330824345,4.32926910571568,4.86903941491352
"13302554596",0.789962974974036,0.53730638484954,0.786483346814265
"13302554823",1.86738581189281,2.90167177889557,1.88045992309757
"13302555567",0.213697802206785,0.192643436472865,0.405830668745173
"13302557648",0.361926236563735,0.252119028023328,0.181235688987883
"13302557773",0.484168210043119,0.13592289697883,0.388084120445604
"13302559105",4.27057123091103,2.9677787036333,3.68685075428474
"13302559565",0.243782689550217,0.547518215658295,0.56425485791295
"13302559685",0.497602143970378,1.18807870598366,0.708476714165396
"13302561370",2.08066614718951,2.39736102349021,2.15010394184573
"13302563141",1.00388637914951,0.525937733978981,0.56811221540413
"13302564067",0.522481297236874,0.849835385253127,1.09624008093108
"13302565380",0.361926236563735,0.320658797553984,0.296118101239599
"13302567578",0.648033738318378,0.497847800696906,0.546325370686356
"13302567655",2.12283058141293,2.15925649721878,2.61227563360604
"13302570957",0.40059085848193,0.332936967452221,0.518667191607472
"13302573116",1.54534816552392,2.03707201186103,1.72055596101019
"13302573546",1.04006629167579,0.614645254723434,1.03658444406057
"13302575110",1.35683427139214,2.46370319094058,3.32692978939085
"13302575917",1.21951980626404,1.10094685217735,1.20346379980069
"13302577259",1.51703317189425,1.27553362000209,2.47361435669788
"13302579159",0.830815940135806,1.31635118838245,0.662555664307209
"13302580953",0.170654761085997,0.284942128244274,0.352022981085817
"13302581425",0.177026945238873,0.600771905770116,1.01657403480915
"13302581697",2.46236239002063,0.791159462873435,1.24502474928953
"13302582797",3.08915647432944,1.19405805335936,0.809463722382484
"13302583366",0.423933479510572,0.152225689522579,0.228039087176838
"13302584113",2.73640647314739,1.44326857948409,2.53282891679571
"13302584549",0.371091379406288,1.34605937569962,2.17421758694429
"13302585022",0.50226030044214,0.095088147091228,0.542836958209435
"13302585754",0.66634800247431,0.991909609211936,1.03612930160559
"13302587601",1.15581837196016,1.6662524095726,1.54437032018744
"13302589836",0.459462174961893,0.576306394439504,1.34099717933364
"13302591005",0.341888577884895,0.295017531465346,0.7252861678516
"13302591510",1.30596701088714,1.37947270375343,2.92536023358094
"13302597714",0.615351395948236,0.449999870491696,0.621300126565846
"13302599849",0.448267614114444,1.11990411372463,0.573247249944717
"13302601197",0.693538753129529,0.859388893206341,1.23858033186385
"13302601598",0.306133794309551,0.488753852619281,0.452815595799826
"13302602874",1.22465471374377,2.09072755992407,1.5372163509006
"13302604802",1.30235177093368,0.890067294625777,0.644240420976683
"13302607040",0.707597676927012,2.08379302077945,1.59291235687873
"13302607085",0.319849412141867,0.578416488980891,0.524504290148873
"13302607251",0.7399390264254,0.745411229995214,0.895427973010735
"13302608102",0.217893194558557,0.364446028952595,0.560217959047065
"13302612523",0.411762941176966,0.538331061259989,0.565554707747921
"13302613037",1.39932768305471,0.607791626677994,1.08401107373999
"13302615620",0.393101412578673,0.145944710071332,0.699967884622726
"13302618547",0.592214227393958,0.764235832705331,1.04369872964616
"13302619538",0.887742565054691,0.586471926363025,0.744921577455865
"13302620375",0.142088220054343,0.315311077464286,0.642292526126183
"13302623053",0.272299121629013,0.344763529334187,0.443777956026106
"13302624136",0.15294924442301,0.132563080312303,0.309069301998503
"13302625183",0.322692575603544,0.327373967591679,0.418950786555835
"13302625197",0.421923360658769,0.578984100578763,0.605628699411139
"13302626857",0.322654047267825,0.203697602849328,0.174509465832124
"13302628866",0.480702593251781,0.862311337394965,0.636376796618255
"13302629532",0.364580123325803,0.44035727459947,0.512395038282108
"13302636295",0.709530121969282,0.602704539120359,0.534268027056109
"13302636949",2.34691683134502,3.3256112581752,1.83852693336799
"13302637430",0.467955465107483,0.475509961841729,0.439818731603658
"13302637929",11.8738996754103,NA,NA
"13302640739",1.53192403484157,0.267081451985667,0.971227479808082
"13302643318",0.405467739625824,1.04387290488437,0.525191650703024
"13302645656",1.09641248416647,1.6862062179027,1.39920403979287
"13302646060",0.93049670139156,0.86715977010085,0.878946982970217
"13302653101",1.67915832849815,1.87260023290828,1.49998091662272
"13302653494",0.204399929528772,0.134715270230325,0.368554682050128
"13302654157",0.916739920983708,1.22571149369715,1.09549176835701
"13302655623",0.31290822723236,0.151399963573891,0.194711159905559
"13302656409",2.13912128508446,3.02741008794488,1.10591999220565
"13302657776",0.48042495334366,1.19479998948164,0.835628500792165
"13302658647",0.608073356491897,0.785942561693162,0.38930145029906
"13302660362",1.60663801385598,3.54770626771071,1.37005764001942
"13302665284",1.01952244468023,0.475785611446826,0.727786063872393
"13302666221",0.484640425007899,0.196691011289416,0.294015986915836
"13302666414",0.554319137745951,0.544847646663925,0.460086477198534
"13302669405",0.585324433989007,0.598991123280707,0.837251674418663
"13302669461",1.14266815993733,2.92381819118837,0.914722625499439
"13302670599",2.30291506685721,4.12439296911295,2.18419185854103
"13302670704",2.46579213213936,1.72347569554487,1.96409850657807
"13302675287",1.57337506095509,3.35485236208756,1.60307853645409
"13302675777",0.706939816406652,0.929037494930097,0.764410417600074
"13302677132",0.246514509984568,0.455577671031084,0.326650167111349
"13302677475",1.23949076970647,0.802359897598525,0.688703222652501
"13302680582",0.962859302429025,1.73144397878982,1.01321971649317
"13302685423",0.428959008223921,0.502141333081045,0.726884851971346
"13302686586",0.585743759349701,0.167438694143024,0.40975856771048
"13302687061",0.25331134550159,0.172545842254831,0.447177828725063
"13302688303",0.806258205014656,0.444241166729636,0.682578719790459
"13302688597",1.27702613488969,0.671317015838871,0.751841081209889
"13302690184",0.353184376036735,0.625416641239383,0.360974922209946
"13302690569",0.640906322534309,0.200789192688977,0.788839961348669
"13302691068",0.599040989320327,0.836416547874587,0.469375616146272
"13302692038",0.40059085848193,0.332936967452221,0.518667191607472
"13302692512",0.270556402947074,0.58994571130449,0.42889792340321
"13302693147",0.295613709748688,0.118001523410188,0.0569784474015872
"13302693606",1.47232118564238,1.03991096972337,1.32306852861009
"13302694722",0.217893194558557,0.413960106847193,0.34732213114677
"13302694797",1.13512654561035,1.27255656781515,1.04205502668458
"13302694839",1.40409163644322,0.557051057202373,1.77947799509114
"13302695497",2.82417902304364,2.24687868617671,2.32643392323093
"13302697344",0.331816014583206,0.625326416460918,0.685075167070821
"13302703811",1.30235177093368,1.4906838181802,1.9504089723777
"13302704734",0.447743505122198,0.194277825604517,0.384737413592173
"13302705053",0.410743178186121,0.455013040856604,0.488111345759056
"13302708455",0.355086009974673,0.360624266683755,0.279415830067753
"13302710224",0.170817691216326,0.566653297988942,0.443546485656696
"13302711408",0.80599847472458,1.46540048666889,1.93380768716307
"13302715977",0.317779703567349,0.198433760991437,0.342059548389706
"13302717183",0.496897793214454,0.45067162111991,0.760827774397708
"13302717842",0.38110108636698,0.398672907860638,0.39365884903747
"13302720571",0.225206484130204,0.364401808723761,0.362558010354787
"13302721291",2.90694129146737,5.31590383191676,4.02752900681448
"13302721800",0.738241979663208,1.27965664670706,0.891226741696285
"13302721803",0.221500557963863,0.649701926620664,0.534211229041667
"13302722584",0.652300028014301,0.319616621450384,0.679975237406823
"13302725255",3.08915647432944,1.27172256930189,0.840161958681882
"13302725728",0.46965049385478,0.40600613060813,0.431529367626644
"13302725920",1.06897382688234,0.724636488041475,0.819842873438269
"13302726001",2.85199324858604,2.5486089621459,3.37450277085102
"13302727731",0.442607618326406,0.297254756469866,0.324906970869744
"13302728922",0.348083149124427,0.964636049998155,1.02667841522518
"13302731108",1.16253474355545,1.28044227670992,0.855787629026294
"13302731979",0.658254642682799,1.11866401632355,1.20798376539388
"13302732273",0.368832014391849,0.534419103149204,0.552024801121873
"13302733463",1.06669327837175,0.74238330422407,1.45543607967799
"13302733834",0.939902113084606,1.65091009514,1.72661962714239
"13302734583",0.589533397744448,0.507143853984172,0.356123718536549
"13302736086",1.8065717291235,0.603837746720087,0.788449038784128
"13302738655",0.692400511015346,0.472599083933928,0.531386684821884
"13302738886",1.21407462242217,0.872221795710413,1.03656623570238
"13302739393",1.37927342860084,0.538691404940786,0.558185929451057
"13302740086",0.371502126998794,0.868491826700518,0.374508992324425
"13302740287",1.55600479030226,1.0565224629402,0.777312707701045
"13302740773",1.53054568877415,0.286742192697724,1.357650945141
"13302741236",0.341199577789157,0.611650394926006,0.749903470555075
"13302741611",0.212263205888219,1.11761407250317,0.463750303521977
"13302742236",0.547034073651981,0.777635277532689,0.88263846804771
"13302742854",0.429019105643037,0.27779143933426,0.879024891220864
"13302743378",0.965413026612432,0.567691102498004,0.689803475745628
"13302744125",1.34685091187504,1.60118221558697,1.27669280604698
"13302747968",1.12562260126495,0.363916278834628,0.530419292631279
"13302748029",1.66365290039676,2.74844215379301,2.89704458452116
"13302748976",0.744787669077478,0.811850163990687,0.807238971532265
"13302749114",1.14234279720757,0.853438906685505,1.100904140821
"13302751289",0.201525395797225,0.232855990560493,0.324049342995833
"13302751851",0.204399929528772,0.0783974252567852,0.239660197497697
"13302752400",3.14874376354655,1.43756347590356,1.3629438792117
"13302753023",1.2366047308286,0.359476424383705,0.818241481210558
"13302753050",1.72727747572599,3.33105142950218,2.58547800310739
"13302753805",0.395256177435406,0.351643986162063,0.179961993204529
"13302755021",0.199644900118376,0.396784747264678,0.357886168871464
"13302758131",0.685048369270917,0.204909057625673,0.775648423934368
"13302760584",0.613135465272287,0.550197687590446,0.42726998031893
"13302761091",1.32220149380755,2.06570544554801,0.978406206398429
"13302763776",0.599990385942724,0.329906373031932,0.548747241262917
"13302765051",0.481788731639602,1.6796598438143,0.915108241841787
"13302765575",1.2825692769607,1.31756780423703,1.00100679711651
"13302766379",0.563121878090781,0.990146839526326,0.410566915835325
"13302769395",0.589094642932965,1.06298664978098,1.4187189713295
"13302769407",0.993465175311843,3.99915725885481,1.02225394143354
"13302772551",1.52336719309129,0.943700487834553,1.34807706742093
"13302772758",0.339289848014878,0.291265232647296,0.160240871525107
"13302773237",0.463256959342232,0.962695579323335,0.630385240945387
"13302777413",0.523180052020017,1.82001334647166,0.695514425571692
"13302779983",0.841816971723131,0.779032012407494,0.615665732243564
"13302780545",1.35576062006004,1.1445616144695,2.17026357464379
"13302781789",0.732032449358704,0.549803263148162,0.652735268972289
"13302786652",0.440138522168406,0.403036405399467,0.634466144474857
"13302787434",0.538152576020396,0.370928335339607,0.58359568249232
"13302787734",5.34699195124619,NA,NA
"13302789993",0.594433498245367,0.550468152074198,0.561760733551182
"13302793842",0.213897073558325,0.578396852254871,0.758113904448598
"13302795546",0.363224891525841,0.223985604583058,0.0999751402230196
"13302796919",0.705555626341973,0.648873719503995,0.493716248929418
"13302797213",1.6878532649984,1.75364768861401,0.597384139537994
"13302797666",1.53386258084101,1.39312351873914,1.19890831474485
"13302798558",0.85602413413697,2.03703598436266,1.54966957056151
"13302798692",0.610842072487878,0.941003423767596,0.797719395106694
"13302800257",0.720615730089658,1.09450416050077,0.86777617108427
"13302800647",0.373261837931012,0.599604406482596,0.810563084200822
"13302801157",1.47635531137914,1.6169951039592,1.23908175631644
"13302802543",0.43534578978335,0.233176237795782,1.1404616673343
"13302803995",0.581876732051536,0.231474729420633,1.01803745218515
"13302804951",1.54356853669709,0.70775772295079,0.602720905304104
"13302806272",0.651607132249001,0.710359189877943,0.663325324378337
"13302807486",0.300895209260185,0.21504891295845,0.369244455430956
"13302809881",1.51232594943402,1.79727435404704,1.67651058892713
"13302810312",0.884526494890231,0.352978641037592,0.699560524507839
"13302813911",0.82175656328965,0.170730173904443,0.365007553757668
"13302813950",0.404800639642517,0.885479538635897,1.54204661321389
"13302816421",1.40548656432383,3.5556635885156,2.7743832579927
"13302816982",1.06669327837175,1.42503776232822,1.304859879093
"13302817182",1.48175147260024,2.20693092841353,1.71887036779078
"13302817630",1.19288708405435,1.17794865543456,1.87144724699233
"13302818171",0.321461912978967,0.269230772603514,0.460463897800042
"13302819029",0.339289848014878,0.817375589178652,0.429112994439513
"13302821020",0.233308252368744,0.437221162443782,0.622126728640859
"13302821520",0.66219051171348,1.42346835014987,0.862743473034501
"13302821576",1.18834651417334,1.30971168086148,0.516392950301916
"13302823480",0.775342209318767,0.355917559359711,0.567669200962971
"13302823993",0.293083127721482,1.0381545926804,0.569554183829344
"13302824960",0.556809375385242,0.26116086876003,0.776680653371802
"13302826261",0.640649219399691,0.8895876331512,0.74938527796176
"13302827083",1.34631184244158,0.984391214277831,1.15756919692138
"13302827085",0.562125615305603,0.396006100198035,0.758539029330027
"13302828157",0.821394827609928,0.711589964598748,0.507732197893368
"13302829273",2.96506473069288,2.64428814266207,2.305516028564
"13302829576",0.467090717464626,0.545330096987853,0.946208898713358
"13302830404",0.928537858706776,1.05040512641743,1.06076803801389
"13302830636",1.7213413092093,0.773227075877804,1.24732151400365
"13302833120",0.514849288884747,0.747785960004127,0.786131281784182
"13302833147",1.5910654417534,1.21922644308321,1.25081694146403
"13302835498",0.156390176999834,0.206133200435452,0.425929040150228
"13302836723",0.428160098739885,0.574906986177729,0.757691945027018
"13302837276",0.643295981796422,0.688456643109835,0.80363605688887
"13302837307",0.831380349713018,0.879934042656744,1.07885633869523
"13302837886",2.67214654625814,1.91323092010851,2.28925533938364
"13302838685",0.308378506369497,0.371483534437489,0.707091456567789
"13302843195",0.315402367092295,0.127452744332867,0.25725087168183
"13302843299",0.559739417160282,0.524234087245743,0.666008278380672
"13302844080",0.426690365685321,0.341769429336653,0.717249212499108
"13302844168",0.353355260803925,0.537766499053367,0.572856081947276
"13302845391",0.241822602926599,0.374695434653634,0.355950548222115
"13302845605",0.53850624508243,0.648503780377872,0.564548156281646
"13302848158",0.603537446383493,0.115007060061147,0.268239795260874
"13302848649",1.24675060249895,1.78574792031159,1.83053214549161
"13302857631",2.21912650924161,1.15245070932079,1.4310600936989
"13302859498",0.448369486682298,0.426202556485736,0.524768060187226
"13302859726",3.02525216530044,2.92546269789202,1.84360456457879
"13302860849",1.85380940126477,0.979272306229302,0.981436020089955
"13302862138",0.771408104039389,0.954717088100583,0.782161305354069
"13302862569",0.954670777616008,2.0534781338145,0.680399275197019
"13302866546",0.675446030226049,0.305492447399963,0.663618927949768
"13302869215",0.459462174961893,0.387067465824545,1.20682108875125
"13302869817",0.292849883299594,0.279437274282592,0.643961758578786
"13302874985",0.901954002894059,0.480251272486227,0.423396733459484
"13302875181",1.26424298237997,1.95372420661572,1.31383522003367
"13302877632",0.736689828234122,1.7212838246604,1.30425308065464
"13302877878",0.970406636471628,1.02958784294053,1.34016995982952
"13302878033",0.43405048185314,0.167438694143024,0.308803850072195
"13302878079",1.5414164547608,1.52526466235937,1.64136822185802
"13302878774",0.358504820116154,0.160216094449822,0.339427340590887
"13302879477",1.25800995456303,0.981133389323118,1.04629057540403
"13302882008",0.485140563966295,0.457769866376229,0.621100446562679
"13302884939",0.15381011914552,0.0856119987195854,0.188831541348024
"13302885761",0.50858775225034,0.376747581076184,0.395540359908566
"13302886615",0.884519304721418,0.323816597416465,1.07944835254841
"13302887349",0.827112678723863,2.44736068391021,2.56886005531069
"13302888807",0.666892943529121,0.217770228514921,0.459141223253232
"13302890145",3.74264440898253,2.05868907902834,2.76643365898509
"13302891828",1.37562959526391,3.07125355087173,2.16939829858006
"13302892052",0.836727759801121,0.508220506356359,0.725322874532214
"13302892130",0.818372427946052,0.703601459713791,0.823047229842088
"13302893003",0.22829255578349,0.22269177172165,0.246215166435846
"13302894189",1.5414164547608,0.877583017781208,0.846000035238545
"13302897624",0.731762279499399,0.299730431123425,0.398211966607751
"13302898272",0.543220542867542,0.614973978542772,0.614491942130503
"13302899732",0.552380695466096,1.44011932365356,1.97102948572081
"13302900432",0.458706131824807,0.31503218232863,0.512778868963604
"13302902215",0.613761966416249,1.26368416652651,0.927526126728388
"13302903304",2.54186653146926,4.1811855024954,2.27463687504751
"13302905498",1.53048516193276,2.33808004530159,1.90405499659407
"13302906280",0.484638037182502,0.35798713031579,0.561907047822546
"13302906538",1.08362532052205,0.556842535458056,1.1326737039729
"13302906934",0.702640202963711,0.658142672512947,0.484066482270357
"13302908010",0.643434220558066,0.628942216742259,0.691571989597524
"13302909034",0.269096424595902,0.847513585734228,0.449264197156797
"13302909421",1.09165847702485,1.63710332643452,0.800287915900666
"13302911477",2.10186267452404,1.79396627801787,1.93405271880661
"13302912575",0.648360885040407,1.02451644595213,0.663688011790544
"13302912660",0.7064394655374,0.469892700004641,0.409148791022309
"13302913840",0.282603024120371,0.359133852428333,0.951069117956238
"13302914418",0.272072503137375,0.423734999536633,0.570337151797426
"13302914869",0.491423846319551,0.265497866362311,0.260731950777614
"13302915594",0.644268149527622,0.883755428250784,1.30531246344821
"13302918862",0.918336132703724,1.25407982876563,0.58789843724222
"13302919270",0.351521098332019,0.242927708036838,0.470094787315143
"13302919734",1.37823956740412,2.82233559412163,1.61002462560248
"13302921251",1.40934345839422,1.16619061627569,1.76681134961893
"13302925505",1.97532541105264,2.20418896273676,2.46630756609573
"13302925543",1.74838090299288,0.412144986364373,0.952449803546682
"13302926425",1.36861627479614,1.85625112048407,1.74241174781032
"13302926692",1.80479439117253,2.62511729471545,2.28725573388586
"13302927255",0.7314456895546,0.520995182495895,0.345823068757771
"13302928210",13.3595586848968,NA,NA
"13302928757",0.47737736296508,0.791398862196546,0.591273700898474
"13302929409",0.916897326358765,1.29068459274009,0.627593245104796
"13302930305",0.664415296379842,0.35757389349777,0.482819684641781
"13302931142",0.627160530345162,0.521373843629709,0.60016719582373
"13302932951",0.710654618018823,0.777987878698191,1.23327489660551
"13302933172",0.630610446824974,0.661632299830593,0.971863237419609
"13302933234",1.58620399170463,1.11759325988972,1.30038341620837
"13302934510",0.527277147655775,0.108147787244228,0.295710009781563
"13302934994",1.20124928537491,1.60747144693496,0.872569030199104
"13302936887",0.343573902454543,0.5859296149288,0.258019470524982
"13302937461",0.388952092987947,0.577890332647303,0.914051088902185
"13302937527",0.4703663917448,1.28890022499004,1.47540342140875
"13302937902",0.683476399279996,0.408776603967971,0.490419065479672
"13302940543",0.433397295993818,0.573353952771012,0.364973999034898
"13302940962",0.324345192254738,0.78723535732407,0.583669151045783
"13302941689",3.08943178510468,1.51093167889727,1.80489541068717
"13302944378",0.872945650471901,1.85748310969354,1.33977023939838
"13302946321",3.42182867911363,0.631213825365292,1.70825306888559
"13302946865",0.213351435806521,0.387775661675493,0.30279179382664
"13302947100",3.75503959917308,NA,NA
"13302947732",0.379515246574475,0.0524518116778599,0.11187076180562
"13302947921",1.64439984047081,0.788639997886387,0.926631949381305
"13302948318",1.23417689166171,1.3938731873602,1.06125592070488
"13302948727",0.452191756839425,0.438888321982521,0.860031464936956
"13302949235",0.302960626875613,0.262191146427658,0.407203136008231
"13302949624",1.02328638983016,1.24357934002537,0.554888092332376
"13302949714",1.13080823222274,1.02579317964636,0.814232786828818
"13302950727",0.795985960996245,1.67816377238655,0.75011911543358
"13302950753",0.931653937073215,0.905969446058796,2.20469410243988
"13302951141",1.09078331669593,2.72306735573053,2.07951511656109
"13302952093",0.50858775225034,0.427350064533181,0.296592489697133
"13302953080",0.142088220054343,0.296763710174674,0.321969416654017
"13302953805",0.586823865325623,0.547905329867327,1.14607980000567
"13302954371",0.829309135200094,0.31420813598214,0.479482608015838
"13302954987",0.248105578146059,0.0761242442588717,0.134161931566718
"13302955619",0.648984589226587,0.688436194528722,0.264256043871375
"13302956426",2.58747859365734,4.43810386546124,2.73683878308385
"13302960577",0.586996314414277,0.436414749990991,1.39841859777669
"13302961699",0.601516705139066,0.550177761312082,0.34664121295905
"13302963035",0.142088220054343,0.186196199696253,0.338890771139537
"13302963153",1.86687137209462,1.29770085082122,2.15659508330566
"13302965061",4.27057123091103,2.208909610588,2.42521349680933
"13302965160",1.30488984780667,0.75745661661364,0.884013234781814
"13302965340",0.33406447217309,0.217215805172716,0.552771776510909
"13302965939",1.41057653117596,1.76084270076955,1.55827988341718
"13302966291",0.965861219140807,0.614480957481832,0.559043207418509
"13302970123",1.11617407343199,1.59372689793259,2.2085460957032
"13302970279",0.737891961444311,1.18299425818845,0.795577352950426
"13302971313",1.31462537142363,0.822697090213465,0.676963240210748
"13302971551",0.847647846524468,0.931598030693215,0.584594338660498
"13302973222",0.960799398713697,1.06705982577601,0.618913862903521
"13302973812",0.59372646046853,0.308359821598066,0.437983785998589
"13302974227",0.376146620542962,0.889163505265169,0.679458330062661
"13302976077",1.49025533886419,1.29672619545439,0.87582169215329
"13302977138",1.49127250709357,0.865561290476699,1.06370692660569
"13302978349",1.33507256878985,3.06283987906526,1.97748573128431
"13302980527",0.640306220205553,0.471912272506152,0.810029716238305
"13302982578",0.273684030657788,0.666482071203893,0.389573240742095
"13302983023",0.769198418188164,0.654593425160769,0.837727144606257
"13302983343",0.491858291316573,0.39783007957472,0.779191627369358
"13302983626",2.63607187491046,2.29115865323184,3.96695298359404
"13302986722",1.02050422747734,0.860476551277809,0.759384516888941
"13302988246",1.72797383747713,0.511867554599092,0.974927790524629
"13302988369",0.397953231531177,0.562452082822028,0.622143705857739
"13302988732",0.391631391185317,0.127473545749955,0.102366814577999
"13302988933",0.453156595286762,0.224518148794995,0.348126572981498
"13302989219",0.640593597782419,0.481677427109083,0.538192923052631
"13302989599",0.441818708252206,0.257507492021681,0.45122415909435
"13302991174",0.959240394631359,1.22269443671507,1.71261520014315
"13302991852",1.14597436544097,1.47310907310332,0.532924744320223
"13302992106",4.27057123091103,5.16375953345439,2.56700717166351
"13302992690",2.78566296945531,3.78583335049574,6.51829865016218
"13302993369",0.576957049425096,0.988663557333864,1.20705381700795
"13302993839",0.91561740354775,0.500800939586625,0.619090516572597
"13302994564",0.940128122969449,0.784564300962903,1.094288663942
"13302995483",0.161683777668569,0.00646024018898553,0.453182295774716
"13302997367",1.4216979179286,0.965599768102126,0.587548670747882
"13302997484",0.998915910499778,1.99319235398058,1.42749974691666
"13303001487",0.707520981749332,0.640957111795608,0.848489875167397
"13303004826",0.44200901001472,2.95454776116517,2.01520572748376
"13303008579",0.433397295993818,0.194205424200343,0.115142490375563
"13303008978",1.02149815874396,0.946811781522899,0.941191815559786
"13303009340",1.14266815993733,2.71144465891776,1.1421132425687
"13303010209",0.463256959342232,0.845253479870308,0.51544799158844
"13303012085",0.314974831729273,0.247053832198536,0.360703114823267
"13303012782",0.546895422571099,0.472312315161801,0.382218649103866
"13303014125",3.96031542382249,4.56904009196088,3.90269039218458
"13303015134",1.58498024470432,5.48593807467451,3.5522079287396
"13303015522",0.788884428841713,0.706592520561595,0.949925465378348
"13303019995",0.411637754884117,0.675821245182428,0.913100794644516
"13303020937",1.15567443955543,1.12070693751874,1.10112081854629
"13303022261",0.901116769969715,0.39260147216912,0.433560912110979
"13303023483",0.577905021047745,0.399183538756533,0.325019079799537
"13303023943",0.496398110459876,0.955756151398241,0.638552328314797
"13303024326",0.907165018334037,0.432367817039718,0.511878921846306
"13303024634",1.0307294744082,2.21921039856302,1.11385085081313
"13303024779",0.37114689192026,0.418000549089467,0.515306421626612
"13303025182",1.38338649290453,1.71600681591706,1.6081339030118
"13303025453",0.401579185404594,0.468717396238619,0.455003793637864
"13303026272",1.13943079089888,0.524366960041802,0.741530871549615
"13303028167",0.368832014391849,0.585738876824401,0.655742445367363
"13303028416",0.760936931011705,1.62018164565242,1.49802408697603
"13303029195",0.445839770031854,0.396642273656151,0.365232616537201
"13303032143",0.279302214523562,0.363711579830826,0.407186253708474
"13303032383",1.26902136147473,0.478515519050163,0.850745270881455
"13303032748",0.458706131824807,0.274594615950501,0.498823839636084
"13303033548",4.27057123091103,6.10615434326413,5.57776690637922
"13303033659",0.601286765421825,0.744864727281728,0.858457991039402
"13303034126",0.852060363034887,0.688151639128418,0.967069082986843
"13303034739",0.737891961444311,1.14664260171731,1.21804307368354
"13303035261",0.518192366937572,1.54655868871683,0.997662408450047
"13303037937",0.692063088532739,2.12375311268618,1.09839259980152
"13303038572",0.794165644693164,0.617921062384701,0.591472674398575
"13303039084",0.586823865325623,0.532644859573198,0.910085396221233
"13303039964",1.43637416148805,0.882345668581633,0.676891163901468
"13303042695",0.586988728353696,1.06826667214249,0.746618196693486
"13303043203",0.645385595333456,0.770518140062163,0.852167051059201
"13303043296",0.248105578146059,0.0530160960524795,0.134161931566718
"13303044350",1.19923040024957,0.616858513275666,1.22299050173055
"13303046426",0.273934733072631,0.37919393417207,0.291995174308251
"13303047537",0.719779900736992,1.04309715589347,0.839854649591919
"13303051678",0.680886564272376,1.20886880341436,0.891051468770976
"13303051751",0.374288771915962,0.295908802313274,0.688810584426946
"13303052237",0.359318948372225,0.245922896216536,0.358683560897539
"13303052434",0.248935440922224,0.904748127859879,0.675960649568432
"13303052453",1.06108950006274,1.53735353222533,0.418259497519878
"13303052918",1.45302773149232,1.25237944219598,1.31467382570399
"13303053989",0.186538786559334,0.114489568513317,0.0877549088969565
"13303054933",0.714241699441746,0.121755284023823,0.217691407332701
"13303055097",0.685835180521667,2.13260141635527,1.83647021196365
"13303056780",0.520460197902402,0.434601373968295,0.589791918320916
"13303057369",0.27209432624247,0.563752235215758,0.324482230157788
"13303059264",0.451048232246165,0.596853951579153,0.407237405473814
"13303061017",1.18089046235306,0.850827648279063,0.692929484025217
"13303061340",0.666464605660981,1.59498175447383,2.28821833759591
"13303063196",0.644268149527622,1.69722097266821,1.02280457308295
"13303064157",0.702938541618996,1.2350053397237,1.08421553087499
"13303064178",0.306835787193972,0.541944827539641,0.555200707035566
"13303067778",1.0560910379793,0.393671434308516,0.655249967312205
"13303068828",0.517869487386417,1.91405682716099,2.57355165990179
"13303070689",0.510960646663774,0.391923078521151,0.505699859741548
"13303072289",0.504600120612969,0.821711057183943,0.783867507965403
"13303072910",1.25287552465833,2.2023143353025,1.75773966636561
"13303073262",0.371951985206605,0.624258719158351,0.61784933254166
"13303074222",0.616392755836126,0.403812306309035,0.917609658771781
"13303075156",0.613804736814177,0.528879859936451,1.04219598526103
"13303077145",0.851099568609196,0.83276074737595,0.801561606435512
"13303077698",0.837538169700529,1.29445849619569,0.93668926783429
"13303079636",1.12457338350063,1.950673049551,1.32802802858594
"13303080388",0.733195068706015,0.286928649338041,0.209050735769796
"13303081903",0.679779473698137,0.762807848876474,0.687934763469117
"13303082469",0.383902819217916,0.400709367525042,0.581352455248639
"13303083054",9.22953831297379,NA,NA
"13303083977",1.3637371089975,1.62876210800875,1.6979938605942
"13303084756",0.484168210043119,0.13592289697883,0.388084120445604
"13303086874",0.45674049447101,0.409305848925796,0.619216221000449
"13303087853",0.915473871107732,0.548321291343761,0.334608003424044
"13303088668",1.31049901766321,2.88299700233394,1.36132727078117
"13303089417",0.811990650435456,1.27774108062095,1.00221616647726
"13303089720",0.515659386318838,0.318183350895915,0.68102824974358
"13303090220",0.329883721547385,0.100094228831954,0.221450943239833
"13303091203",0.451124522488496,0.296133194160936,0.470288371385844
"13303091872",0.563121878090781,0.543319526133475,0.390127565853547
"13303092190",1.13313823775286,1.59680032119858,1.11719957638051
"13303093895",0.526325216751578,0.764138210141411,0.413974857165336
"13303094534",1.53752648188707,1.6217006955749,1.48819076544032
"13303095736",0.832513692574163,0.452461009884656,0.443764145174766
"13303095861",0.445385814340398,0.954978657919567,0.558533043429184
"13303095980",0.599305926749797,0.56633883856917,0.673899758905357
"13303096925",1.03054716968151,0.284770342556946,0.178219468914403
"13303096978",0.508051841317754,5.66762203696265,3.83682478413615
"13303097905",1.73615760817838,3.12869733986589,1.60843877980446
"13303099343",0.576514881584789,0.835491880071671,0.856002034294404
"13303101884",0.804228406683858,0.510165496331093,0.522110714291777
"13303103658",0.419070528472739,1.81983538361002,1.05400586149388
"13303104420",0.291956983520863,0.229847030233025,0.314248532104361
"13303105688",0.399266300706747,0.670990052330333,0.736151815077862
"13303105952",0.30955840762375,0.612330014720806,0.794281254988817
"13303106955",0.687701352894527,0.722514109648147,0.864911067081956
"13303107266",0.272072503137375,0.385785386467366,0.296748083431701
"13303107853",1.46489459754405,1.30704202874042,1.50407551654165
"13303109552",0.201320123515728,0.126358162223366,0.318210036184441
"13303111206",0.54818970044166,0.203645669916381,0.928249661902344
"13303111937",0.758490277984786,1.98887919026955,1.30843938711262
"13303112305",0.201632674950924,0.338073580140708,0.59067855314082
"13303114040",0.41827609165717,0.42318303830225,1.05930274889406
"13303114110",1.38424450850113,1.33702134385935,1.77537272931579
"13303115787",0.648984589226587,0.836785155575681,0.363959050454785
"13303116019",0.567819305867766,0.807737044293162,0.687832531495367
"13303116835",0.18190475647193,1.25329871040723,1.03210322569623
"13303119277",0.210642135276385,0.115061808384954,0.324278000865499
"13303122803",0.444227894710316,0.610138347910062,0.659255869884035
"13303124341",0.517505597485806,0.265104093291915,0.427403482670807
"13303124370",1.14266815993733,3.07741327969401,2.48742241546008
"13303127255",6.84423736631825,NA,NA
"13303127440",2.13744883388525,1.21152606983121,1.02664268428154
"13303127699",0.90068954830888,0.503918969612391,1.41962132215471
"13303128321",0.518589838531838,1.31848006907057,1.06779089622971
"13303128883",0.295319244425181,0.201803462395337,0.210609350748361
"13303129147",0.40144909183555,0.343433784717701,0.331277689370244
"13303133399",0.266304778713018,0.282729394041717,0.435903047972265
"13303134363",1.73968871930739,0.469351150626235,0.728366469284785
"13303136172",0.830815940135806,1.14641009060484,0.579653289097197
"13303137324",0.625530759598428,1.11031454751123,1.35068299335208
"13303137348",0.608105444091421,0.67733035854774,0.560180712994051
"13303137777",0.778191951320717,0.925947028241327,0.875270007870018
"13303137995",0.341199577789157,0.345743029354219,0.887499995177382
"13303138107",0.651594066986749,0.383708049592066,0.223405366364972
"13303138253",1.07151542298808,0.561141252961234,0.931701596303551
"13303138498",0.655053818173736,0.928251626861446,0.790883681398268
"13303138553",0.208848414751247,0.204270414886681,0.255199289521744
"13303138875",1.00906271616281,1.12033237538089,1.507765941913
"13303138883",0.48595583676284,0.990217113372722,0.352626513341449
"13303139468",1.58210156723283,2.83609450450681,1.65550438030336
"13303140935",0.154945254257576,0.311460706997611,0.537807333198203
"13303141009",1.65379477715546,3.52632870195334,2.28091560127571
"13303141336",0.622083924305388,0.938393117099464,0.77949087425108
"13303144086",1.09479918297678,0.436145911842613,0.63896649720258
"13303144716",0.589094642932965,1.00498262867941,0.861464249800692
"13303147874",0.415486937621427,0.536705989175419,0.443545615095122
"13303148005",0.982491934628869,0.583465959397217,0.560493658415911
"13303148206",0.311309165999757,0.299375895857066,0.330924686214562
"13303150171",0.372091497347287,0.443022770389379,0.739576752334819
"13303151624",0.429774948738911,0.251718864579049,0.462726342591259
"13303151713",0.764486605624603,0.2523324739696,0.51505231149457
"13303152645",1.54434616443034,1.56849040145276,4.07732054085085
"13303153017",11.3945921439875,NA,NA
"13303154534",3.20420976785405,1.48325876100333,1.36967051453268
"13303155861",0.396297062724872,0.504603795177821,0.842551267925151
"13303157863",0.847228456527009,1.65505967655722,3.01452807759672
"13303158364",0.31522150151161,0.400912235705933,0.482576867393686
"13303158988",0.723628983386852,1.54587144078594,0.596305704648153
"13303159342",0.925106329836057,1.75310741304197,0.683596574419019
"13303159427",0.316709416735248,0.961933652654494,0.399508684575121
"13303160832",2.26747062992459,1.88946405177367,4.05687954880829
"13303162248",4.27057123091103,3.90626713205932,3.22738659824258
"13303163049",0.393727694311617,0.601593950385902,0.746233398021362
"13303164282",0.658012500747073,0.193496459501957,0.660261334955097
"13303165804",0.831380349713018,0.543835095528089,0.698670628344088
"13303165830",0.468847836486799,0.260993287747083,0.263545644720633
"13303166316",0.521334592989551,0.724360989499932,0.278927737843537
"13303167532",0.314974831729273,0.403706913801907,0.932974370747526
"13303169358",0.193854580743929,0.24671390243074,0.216110904165943
"13303172416",1.35069131232331,0.620256654786248,1.16186371075178
"13303172422",0.369739097064375,0.37903913360068,0.445366788994893
"13303172578",0.448411003477263,0.446356783027689,0.955027687331411
"13303173386",3.8246341539084,5.67052402335321,4.87986093449966
"13303175154",1.64788837021659,2.01213035901193,1.27638523098392
"13303176274",0.515544866118698,0.390261361648476,0.557832777054632
"13303176401",0.488472746461857,0.507336916821764,0.626229991478609
"13303176978",0.546895422571099,0.709451314867064,0.547471635377307
"13303177242",0.841816971723131,1.21274172929105,1.02380934414913
"13303177684",0.988464998432046,2.03609485876554,1.17648489909768
"13303178498",2.42603259144317,1.00631048072964,1.70886881469209
"13303180771",0.733195068706015,0.314184702728058,0.247315329425158
"13303180962",0.638154769157044,0.793050836885992,0.667716008711667
"13303181009",0.307799699091978,0.392751593922661,0.616062155695539
"13303181076",1.83529228017582,2.31748420459838,1.59392980904914
"13303181312",1.57157414249038,1.18738028539394,1.24500560041661
"13303181621",0.272879632444597,0.203487822499694,0.558312266594962
"13303182703",1.13541044896365,1.44859907271893,0.88023558521657
"13303182877",1.54434616443034,1.7868669138015,3.26511693633738
"13303183218",0.936489438277476,2.14701331475091,1.39605855592186
"13303184837",0.985006173295955,1.38080715016479,1.35634074026629
"13303185346",0.761010595712403,0.528920710709655,0.748061761353707
"13303187193",0.169750016707906,0.393163226676366,0.40927662351657
"13303187932",0.927008414890664,0.649114504310169,0.954870764786882
"13303188708",0.443801699426955,0.363711579830826,0.407186253708474
"13303190413",0.89833640739039,0.414307021245417,0.394776316727283
"13303190561",0.769886238953558,0.301400713181317,0.768458633392171
"13303193148",1.22732274515864,0.551400718580497,0.329605590719287
"13303194421",0.479520465810558,1.03281424757866,0.788556759118913
"13303196970",0.388447536650037,0.215112422479345,0.521113309622168
"13303197509",0.300827025982036,0.359322508477772,0.538787207833396
"13303200211",0.45674049447101,0.134508288759883,0.348783722095301
"13303200334",1.0779795846667,0.608138990250794,1.29615528176553
"13303202213",0.767347909212723,2.14819093539152,1.38543283164485
"13303202534",2.57013906807214,1.20238104550899,1.92902684573868
"13303202824",0.445566194612395,0.666136259444871,0.613060431122544
"13303203517",0.256609577235983,0.377215609799751,0.386016867880553
"13303203698",0.469790612465139,0.490802995901351,0.43676651508697
"13303203921",0.539166419551042,1.03800448005739,1.10641023128691
"13303205991",1.5021050291497,1.67466857645702,1.25233203856982
"13303208630",0.445936753477358,0.978378654532952,0.802579921240102
"13303208782",0.270195859989775,0.225771155527508,0.263424626481714
"13303211132",0.295051073852557,0.15891546087083,0.221803062139755
"13303211183",0.232697688227042,0.317799517430107,0.26684205439363
"13303211640",0.709985918250051,0.331864393355652,0.349630937548544
"13303211667",0.504010324516541,0.542430081914385,0.515300170924384
"13303212577",0.526008626497743,0.74264442785341,0.193064087694444
"13303214323",0.312956914004502,0.522137649065849,0.41230765159743
"13303215090",0.841671597773921,0.720156542207976,1.28113463246402
"13303215392",0.371079809500587,1.73464465131127,0.382214287256545
"13303215459",0.423305251799667,0.465662912900754,0.781054567989322
"13303215818",0.720655547800021,0.610953026789686,1.09205462745113
"13303217083",0.308260697819279,0.231396408364929,0.337157219459115
"13303217806",2.36185546647372,4.93352558865752,1.10478864920071
"13303218212",0.461525570924706,0.133544664521814,0.214807806097251
"13303218339",0.329903805416788,1.06134180911522,0.852292370870635
"13303218987",0.942597916980883,2.95019611505416,2.11632671100366
"13303220197",3.6194023884657,3.14852180530165,4.92731765374187
"13303220630",2.64080338290156,1.67300973148837,1.99960563404673
"13303221218",1.8928938131149,1.75406666312393,1.52946198744782
"13303221269",0.83050325873809,0.594641742898335,0.571733067040374
"13303222024",1.3637371089975,2.30414987163815,2.78489138095538
"13303222134",0.602405223961261,0.476991796005039,0.538712704504029
"13303223045",0.374288771915962,0.342628505102002,0.579119672197589
"13303223535",0.243161330683712,0.0641192088575016,0.0575898254247924
"13303225105",0.83055892611198,2.09236221603392,0.328146200281137
"13303225869",0.709211818467919,0.380085895024559,0.601828251331402
"13303226052",0.448124944203979,0.414687870917905,1.09813903035754
"13303226381",1.40548656432383,1.25564917383698,2.42469133503212
"13303227115",3.4281570062924,1.06212522043035,1.56993848066135
"13303227178",1.88071784053824,0.47455322659906,1.23786426697631
"13303227690",1.27066336193972,0.837107314725787,0.815566144224979
"13303227772",0.433397295993818,0.194205424200343,0.115142490375563
"13303229254",1.40069057566569,0.711589964598748,0.507732197893368
"13303230259",0.451572227094661,0.308775765123428,0.601356885754062
"13303231448",0.370391842324991,0.544818452575607,0.350885272635527
"13303231857",0.486985781110038,0.103635454697635,0.466422771374235
"13303232103",0.188805322867051,0.317345739666943,0.451422587981404
"13303233169",0.425754762726724,0.360724463267375,0.348733992058338
"13303233852",0.142088220054343,0.415740772892969,0.441465092092457
"13303234392",0.709211818467919,0.492606477442725,0.682773232588166
"13303234601",0.241037149213763,0.32334655341605,0.521187771093438
"13303237772",0.711759939879077,0.452926275917578,1.02089083095679
"13303238334",0.22829255578349,0.22269177172165,0.246215166435846
"13303239163",1.23210112306569,2.63001007013239,1.70479201424114
"13303240581",1.37882473952746,1.2227892106099,1.7956045772665
"13303241703",1.63095856857888,2.172726204358,2.10757935448458
"13303244232",0.713557832621504,1.34460833996596,1.55648263306979
"13303246038",0.263607885180923,0.0819971387418934,0.27987387247583
"13303246527",0.238077264736374,0.303549477938874,0.263422982945596
"13303247039",1.48316499313397,1.5746233114557,1.17412138804671
"13303247211",1.43703018228975,4.44038193215246,1.50287318953629
"13303247346",0.142088220054343,0.476049414864627,0.509012437009413
"13303247453",1.66174532030312,3.18884646626816,1.51960055339895
"13303249296",0.225548941793095,0.235494036178596,0.420714445621564
"13303249391",0.79144108666471,0.484947431095252,0.72893748686285
"13303251826",0.251706592971717,0.223719344119245,0.346423805576695
"13303252309",0.883153255098581,0.527612956370891,0.572487955328059
"13303252350",2.41681373729105,2.90386359995758,1.87947430007618
"13303252452",0.669739647923704,0.990901952598608,1.39032705810117
"13303256297",0.545442407261762,0.354334944602156,0.353122607174221
"13303256333",1.06669327837175,1.01752460148767,1.2027154823005
"13303256350",1.1967938660427,1.01375691981499,0.810710415188871
"13303256711",3.64249680535767,2.23693905227851,2.61255662888938
"13303257800",0.34008765859801,0.318480882125649,0.437332843254686
"13303258941",0.348611754582437,0.440925650038118,0.567851818025702
"13303259508",0.662049232367686,0.233580385450021,0.474902736532537
"13303259757",0.945544774301245,3.9383724316873,3.27401916124496
"13303259832",0.341642339674358,0.371941699675228,0.295683219213761
"13303259859",0.353368324600744,0.679498133659526,0.582196804738733
"13303260596",1.48775213489856,0.660038406967597,0.785619991860774
"13303261322",0.991372751765059,0.403730787311059,0.755718810605469
"13303263564",0.752203615591521,0.535295140308605,0.409918121973845
"13303264069",1.10626700037831,2.02279143446601,2.04544535155536
"13303264203",0.43017889585931,0.761433445853117,0.463288881091452
"13303264584",1.7069506043632,1.00901830796159,0.714397269307247
"13303265484",0.66023386840008,1.16320363056,0.86657338350324
"13303265738",0.310403095520227,0.212365021840575,0.248394133999792
"13303266683",4.27057123091103,4.95412544358582,3.81477639164022
"13303266700",0.964364394375256,0.603708393703411,0.877853593279419
"13303268249",0.321696394144021,0.665847872641327,0.870889846621528
"13303270070",0.548261917234311,0.904079221631729,0.533535202585423
"13303271219",0.741936679769991,0.852403497399296,0.455621925943262
"13303272362",1.23497598093584,0.64701687608581,0.416409644226357
"13303272580",0.628752743181634,0.732765876034613,0.935439892825681
"13303273629",0.468818063596291,0.139670403932365,0.400130989080607
"13303274373",0.324894865701883,0.412549092645465,0.686554594066974
"13303274804",1.76305042983959,1.75352913280753,1.29302121875619
"13303274973",0.411762941176966,0.925396608934133,0.980781135769909
"13303275527",0.285282778893425,0.345819348417932,0.582640811882554
"13303275622",0.219851781677832,0.422594874411748,0.352437768617465
"13303275682",0.217674529310322,0.205439073133521,0.231296826830841
"13303276404",0.468818063596291,0.313275164273263,0.720076123605249
"13303276850",0.870634027987124,1.70852611959355,1.6965271268202
"13303276938",0.312956914004502,0.538768460173928,0.381873260490984
"13303278312",1.01495735143852,1.95670118311128,0.665388043684145
"13303279047",4.27057123091103,5.69490412110946,4.78372154049297
"13303279936",1.33237030716453,0.613103879301756,1.68758030285374
"13303280695",1.87951769098973,2.00305412390779,1.44888720295315
"13303280715",1.0521198622292,0.764484105222021,0.689136771524886
"13303281650",1.70582432046521,0.750440332600654,0.8284091717735
"13303281993",4.27057123091103,1.67799228687056,2.0453958042307
"13303282656",0.303442651488706,0.170730173904443,0.178219468914403
"13303285739",0.142088220054343,0.121129070952235,0.361324146632689
"13303288191",0.537294030330618,0.721737048502822,0.681185360171269
"13303288366",0.197585839393334,1.07746908642695,0.816522613959918
"13303288927",1.28930726896599,0.862539736298078,1.01191823627882
"13303289287",0.344804072058992,0.298717207138931,0.302811817869477
"13303289524",0.270816181200488,0.1585105637375,0.156937618123733
"13303294600",0.679057617185551,0.556118744484236,0.258976642155138
"13303294671",0.876915360803391,0.773227075877804,1.24732151400365
"13303295591",0.860838929695093,1.44373183975392,0.714235434624086
"13303295956",0.765599383375084,0.188817735067319,0.370775600848764
"13303297261",0.243161330683712,0.290094550026274,0.702565252197552
"13303299783",0.679624449388783,0.47246873368022,0.846998968429506
"13303301861",0.290303219163304,0.208882501620512,0.185733777462459
"13303302503",0.895292140831343,1.54715239776479,1.53516436909375
"13303304076",0.487599439209687,0.773896466161266,0.868665913322347
"13303304607",2.12505527664658,2.38082557711286,1.50118925093788
"13303304700",0.297741538948382,0.41817856066758,0.305199292376738
"13303306752",0.887742565054691,0.839856298995489,1.0536095996193
"13303307973",1.0582294485207,1.69723946641496,1.30292385174276
"13303309963",0.334205941405209,0.181145605771904,0.45872610494898
"13303310104",0.787018824063886,0.674565919643915,0.532441913479823
"13303310326",4.27057123091103,1.84754604553322,0.837611981407627
"13303310482",1.48192535653246,1.0938416294714,0.852860680154647
"13303310505",0.31290822723236,0.216597434742602,0.387613848413833
"13303310895",0.679060042949515,0.733770723946473,0.974802044359889
"13303311226",0.58649707539766,0.617391754336005,0.528831543799568
"13303311841",1.26110548664033,1.04302326697914,0.664384075179614
"13303312803",0.809068014550125,0.347873011343192,0.490981870569819
"13303313506",3.63065202775157,1.9283702315136,0.80472650852916
"13303314213",0.629145378441278,2.36111926248884,0.950646250788477
"13303315632",1.08193899322914,0.847396428981405,1.01199163721542
"13303316083",0.407023015189995,0.50541289364382,0.584263550935513
"13303316428",0.499844661387475,0.197668767426786,0.550524592430891
"13303317144",1.88120646985901,0.751885724000118,0.49669006095477
"13303318111",0.835981776925043,0.557587856022802,0.579736262189511
"13303318187",0.441138785502956,1.38366303138989,1.0923670230987
"13303319560",0.667657029685667,0.67480071358209,0.423114460220002
"13303320065",1.00880516362795,0.719812449615088,0.87808869829083
"13303321553",0.306835787193972,0.232677560935656,0.205691736333281
"13303323977",0.520896546800927,0.464299586561822,0.244778967192142
"13303324348",0.427566288163604,0.238802620912066,0.604659203704868
"13303324540",0.180530964857259,0.267368422453772,0.350648873699291
"13303325026",0.705555626341973,0.841990261744953,0.559850936353199
"13303325187",0.309235184997537,0.342267243091481,0.06398280329731
"13303326041",0.716486706265537,0.556370363592566,0.51048063799637
"13303327109",1.47781615289802,3.52110420048181,0.613538179197623
"13303329422",3.13298520605019,NA,NA
"13303330270",1.52099706240886,1.30460886492497,1.49617227647249
"13303330706",0.380383959366064,0.124034235401613,0.581945792934638
"13303330938",0.295051073852557,0.15891546087083,0.221803062139755
"13303331087",0.363686316795748,0.59398208061564,0.91004710012932
"13303332073",1.28260634636739,1.79206364497965,1.18782909469555
"13303332813",0.954670777616008,0.855077617343277,0.485638089555966
"13303333293",0.656358882919093,0.363048276594536,0.259424969238955
"13303335263",0.652435946976802,0.417838558376426,1.16394453199194
"13303335354",2.11305150621684,2.10984055048514,1.89723937880581
"13303335387",0.831880558789062,1.45423719353119,1.26646817740802
"13303336036",0.765384957289821,0.846542965895537,0.752299820691954
"13303336276",0.326783712406739,0.398540068764596,0.46126468977814
"13303336872",0.2353088006127,0.508255292140085,0.397454043055578
"13303337270",2.21827855782729,3.7753082007468,3.98813887957441
"13303337486",0.419429167528037,0.381389002057459,0.775438145354714
"13303337540",1.26380425380747,0.444636928861494,0.485628751716932
"13303339983",0.504600120612969,0.821711057183943,0.783867507965403
"13303341898",1.33620310291584,0.686874746640824,0.601880385213129
"13303342257",1.64247638215494,4.12260887426152,3.12452731161956
"13303342440",2.82238380582249,1.43532950760695,1.540594211429
"13303344335",1.45188152111304,1.38677406981744,2.35752505441215
"13303346846",0.441239770992045,0.743820574872674,0.969331381912734
"13303346874",1.6128413074667,4.28148352993657,3.84201099090604
"13303348079",0.438449368155944,1.23856682932017,0.788151447006648
"13303349197",0.974263022027884,0.902652169976004,1.09967610435818
"13303349763",0.663343170142803,0.938010363029491,0.810489888770932
"13303351449",0.50261542335353,0.247053832198536,0.360703114823267
"13303351912",0.6894048447306,0.731145977909546,1.33331468352996
"13303352321",0.71805860846814,0.680368226462243,0.769345440290258
"13303352350",1.42672620123935,0.840781283033242,1.36574638786371
"13303353140",1.67554774920387,1.58460286465635,1.85708264332339
"13303354032",1.30613962415232,1.64956619273595,1.10666822505793
"13303354114",0.374711265633807,0.363356069187973,0.319452695720836
"13303354233",1.01632262103794,0.510443091713222,0.454379204552003
"13303355083",0.384236227254617,0.513621070354345,0.59921913410789
"13303355107",1.94896629223589,1.51483523691339,1.77140541898008
"13303355530",1.90826061583839,1.31990351352635,3.11133192911146
"13303355648",1.69618449313983,0.788433096295938,1.66193883642389
"13303355981",0.45674049447101,0.235097213033668,0.425657950683236
"13303356827",0.739715417875702,0.0927894145292627,0.0857102614892544
"13303357543",0.66634800247431,0.92578187954023,0.716856263445968
"13303358884",0.307997636152759,0.192250176087291,0.228043347326356
"13303360258",1.37685430424649,0.800718978983863,0.887492614612066
"13303360532",1.35802687919639,1.41313590352173,0.813508858862146
"13303361148",0.766524963376389,1.91223205989941,1.00989430666812
"13303361269",0.288744135120537,0.23232108994279,0.351707003016423
"13303362028",2.48829501285481,5.04511259401142,1.69862048665185
"13303362735",1.21136222260931,1.35182868850015,2.0059964808523
"13303363749",1.23949076970647,0.919355495947013,0.669199054321911
"13303365339",1.80660229577945,0.395687419159514,0.884363096985598
"13303366022",0.624529530684728,0.876965179146618,0.438586351084708
"13303366036",0.415486937621427,0.721523284202685,0.46041403761986
"13303366205",0.834237572783227,0.608258780237022,1.17511633217492
"13303366790",0.481489823926788,0.283449479241709,0.444652914800078
"13303368490",3.99863307915306,2.5598298572853,2.78782661123003
"13303370346",0.29815021391903,0.347316470556975,0.466632533131599
"13303370721",0.142088220054343,0.266808126770086,0.192015504161086
"13303372486",0.574252377003653,0.554964578191014,0.247607066436284
"13303372526",1.13669372105822,5.59977928273293,4.12652158468291
"13303372593",2.81516852486408,NA,NA
"13303373882",0.967743911981851,0.573782440691335,0.247564950030201
"13303374608",3.28170172293486,4.49293944645872,7.26246939761407
"13303379091",1.41933059671104,1.02519624552709,1.20255143561266
"13303379756",0.397486747511699,1.81340447033087,1.40965712958292
"13303381697",0.198094251629088,0.504552785182899,0.63614307713952
"13303382030",2.2763465219515,1.28529324992693,1.58155176724484
"13303384774",2.37135568376694,4.30461657241071,1.12573967634705
"13303385027",4.91269311659929,NA,NA
"13303385268",1.15028826914666,3.9383724316873,3.58209587699629
"13303386892",0.93513645910521,1.40299756496923,1.33495576549392
"13303386940",0.65138871881379,0.624382588474492,0.850179541489484
"13303387713",1.83707511202692,1.41956567762904,1.17956780557989
"13303388228",0.682598762400285,1.42294750844981,0.976532657080629
"13303388257",1.21580708103425,0.455808695233516,0.889589793429631
"13303390217",0.315413492609111,0.424495204889251,0.280885599035971
"13303390946",0.340491407598749,0.973749162501021,1.12777108500944
"13303391193",1.29736726993932,1.59487136418646,2.10752733331763
"13303391583",0.311494387066112,0.651604958121123,0.718017376091611
"13303391767",0.251706592971717,0.223719344119245,0.346423805576695
"13303392771",0.395256177435406,0.351643986162063,0.179961993204529
"13303393097",1.24195404747535,1.65742561093268,2.32770051448179
"13303394073",0.251189154381317,0.96791736944005,0.797067833160098
"13303399858",1.6834461148569,1.85504723604923,2.76023563325806
"13303400917",1.95859928333721,2.70812098237041,2.13335368003382
"13303401747",0.589094642932965,1.00498262867941,0.861464249800692
"13303402132",0.312518349704205,0.423509994469779,0.277118310707508
"13303402172",2.04354764266598,1.83217091008328,2.15175789593383
"13303402970",0.998597962869764,4.58497645832326,3.4504183254126
"13303403723",1.03849941167343,1.45702996661196,1.15695852189962
"13303403888",1.91747886296185,1.17627583975052,1.11939447163876
"13303410107",1.23497598093584,1.06705982577601,0.618913862903521
"13303412212",0.998038145487291,1.17989897711292,2.01063686968977
"13303412401",0.840825681417179,1.65839721622281,0.877883194134275
"13303412471",1.42672620123935,0.920781528071555,1.25260960348194
"13303414331",0.360667893237883,0.311464334216391,0.560110077262768
"13303414564",0.571407513703037,0.48551390349928,0.599194571374844
"13303414897",1.71125310924531,0.972336252519874,1.23499466958466
"13303416840",0.43497385235581,0.500478921390407,0.979025447011682
"13303417329",0.492655117311819,1.33438118369454,1.1239590907102
"13303417362",0.188937262258056,0.285718775541003,0.268119368938364
"13303418069",0.739133770076949,0.504346089836266,0.5203067035801
"13303419977",0.658007170904956,0.341969877249072,0.252691376347424
"13303421552",3.24602468508779,1.43658344975567,2.8926945706023
"13303423141",0.30955840762375,0.340210024627399,0.615588745340796
"13303423819",0.432612402396831,0.620210835060773,0.709338640476915
"13303423948",0.464800493498393,0.831163061174172,0.47289014633141
"13303425823",1.76305042983959,2.03780781212067,1.22215487603921
"13303426845",0.894160401260267,1.29679346982551,0.87417281772941
"13303427307",0.445566194612395,0.781260901757999,0.799346326002808
"13303429231",0.855915455707292,1.3376909521664,1.00054574032614
"13303429356",0.48595583676284,0.467654699740506,0.796673717898288
"13303430437",0.564232809496311,0.805590853115319,0.746672869750874
"13303430474",0.907554406415197,2.57528359200369,1.75400969424095
"13303430619",1.37048223962551,1.35573826031493,1.59994448309338
"13303431481",0.923533728797514,0.57050449581406,0.318873064697463
"13303432020",0.284377483638714,0.166046259615658,0.164484245395038
"13303433438",0.583705385402768,2.19168667018521,1.24263925945092
"13303434218",0.399266300706747,0.289674755939088,0.344423406944895
"13303435522",2.29715668433938,1.95412555957255,1.68118418628242
"13303435688",0.594306084844698,0.573998156388304,0.523671434431796
"13303435890",0.508049340234434,0.571614432918648,0.956139753016955
"13303436450",3.45359978683354,5.5319859642663,3.52050949860858
"13303436553",0.647504345138075,1.17749984617653,0.853261576778316
"13303436850",0.870147710704938,1.45996425429589,1.78494831464991
"13303437831",0.397440142253733,0.333977391453463,0.547630130820658
"13303439612",0.735047500825338,0.818225827780573,1.20488849214218
"13303440144",0.220235848531912,0.179645127801811,0.362137487677005
"13303440322",0.51390644453018,1.31620700620497,1.51174932835084
"13303441771",1.2198085125805,1.05766997962183,0.484126403087873
"13303441899",0.367336952808196,0.1273232501804,0.273311564937406
"13303441945",1.13614280719623,0.888941546541349,1.06772211830183
"13303442071",0.896465137830018,0.592255495597545,1.19146130091283
"13303442391",1.17781465834431,1.07548146467432,0.738025217422836
"13303445848",0.461842781734208,0.87792591603867,0.84681109798004
"13303447244",0.546878736495352,0.348869632132255,0.362411143766928
"13303449284",0.188805322867051,0.237635793180421,0.434894435570594
"13303450425",0.299069941703099,2.31036502224559,1.0049137401049
"13303451454",0.702640202963711,0.777415368953768,0.53835570903308
"13303452926",0.766356225752726,0.449278197124506,0.90017836852777
"13303453380",0.225490640235571,0.31220548372686,0.448403408843907
"13303454127",0.594433498245367,0.653803756176382,0.633817628243624
"13303454688",0.312518349704205,0.423509994469779,0.277118310707508
"13303455129",0.39809585754743,0.272239904909174,0.308892375647628
"13303455397",0.592214227393958,0.685362755140842,1.53107778930538
"13303455456",7.03375083761456,NA,NA
"13303456829",0.305511558270669,0.45257601775473,0.531682494864757
"13303456927",0.536994458180426,0.418020583175004,0.392688289687427
"13303458277",0.678074530749334,0.651232556904689,0.474782618956707
"13303458448",0.704618416681166,0.497174082148916,0.525903724142106
"13303459909",1.03274922052492,0.533345101181628,1.78453887735617
"13303460099",0.492655117311819,0.971656811553765,0.94531176154214
"13303460205",1.91433626865223,0.700093195751082,1.46501921419503
"13303461092",1.16728265123601,2.12820696231999,1.84529899920942
"13303461492",0.396234299301468,0.645133561615715,0.624572923937126
"13303461605",0.359657053723946,0.964299820879483,0.332071615757352
"13303463150",0.982491934628869,1.42575153265257,1.177508043816
"13303463216",1.67924352774438,1.86824477610769,1.44069503993359
"13303464371",0.640649219399691,1.29154326036462,0.838919438644461
"13303465356",0.21628272447078,0.320582874354668,0.450300530557387
"13303468381",0.913336803666709,1.04376135780505,0.904835100751773
"13303471427",0.309482865595929,0.243726427720627,0.263207472730341
"13303471758",0.270816181200488,0.38291383229449,0.582460240664965
"13303472064",0.308643794543915,0.416487613598248,0.341653134581531
"13303472080",0.685048369270917,0.295536261381806,0.982752680025125
"13303472905",0.478861374264821,0.646600923927359,0.871793329477091
"13303473328",0.284377483638714,0.252902066624953,0.253276989284839
"13303473753",0.415486937621427,0.553810651401783,0.410720300839267
"13303475591",1.16474330806533,0.893932322460679,0.611620866032424
"13303475887",0.179696482734334,0.450701123010622,0.459618418095796
"13303475993",0.599305926749797,0.660786513181258,0.637775871622109
"13303476236",4.09421213868252,2.86116918118089,3.59752956682862
"13303476961",0.829309135200094,0.480264584168504,0.718477189609357
"13303477398",0.340460932918865,0.272246785387924,0.868209452025694
"13303477516",0.175332282271142,1.00570403884862,0.947041295559586
"13303478096",1.3737334387541,0.739883992276428,0.625212121312109
"13303478254",0.679681655293839,0.193495493666977,0.464443875034907
"13303478567",1.09184086431049,2.81461597805374,0.401146170436114
"13303478575",0.2353088006127,0.376797587875975,0.339704351112898
"13303480338",1.81681855120827,1.71987972428909,1.94405243493833
"13303481143",0.736240514630603,0.355676262553356,0.334457078672264
"13303481402",0.699331934575996,1.0362627637585,0.934568819550376
"13303484991",0.855915455707292,1.08524757549542,0.861449619778745
"13303487693",0.426422986713294,0.904748127859879,0.675960649568432
"13303487864",1.16253474355545,1.81161141601986,1.62975434708147
"13303488538",0.997792906696596,1.33739109098636,0.827566912733305
"13303489112",0.362685184333727,1.95284726654452,1.5453278538449
"13303489305",0.964616864339469,0.801356468397519,0.630323334857021
"13303490844",0.367228660991346,0.713947886116861,0.644585255650354
"13303491097",3.71891961472206,1.53742747507144,1.52007781552305
"13303493584",0.217388653454097,0.257600180767662,0.21800861494444
"13303496987",0.184024729670825,0.611015177357763,0.535353768307724
"13303497448",1.32851559763756,0.9013569534955,1.34496176524326
"13303497486",3.72741755932914,4.32587907365788,2.91139991751953
"13303497977",0.316376204751623,0.366778138058708,0.30297607561852
"13303498399",1.30613962415232,1.93990223586755,1.44500165371703
"13303499756",0.331816014583206,0.476712225709691,0.494077021387015
"13303500997",2.78973328612343,2.05285716389477,1.71565042125634
"13303501560",2.82714858474052,2.70896725164135,2.56125327632651
"13303501920",2.24171487078299,0.705641845345922,1.65471901480755
"13303502840",0.551281543412866,1.52045759527625,1.28103746272291
"13303503152",1.13470868879614,1.00797197276668,1.1298862170422
"13303503537",0.142088220054343,0.529218378068756,0.628628605399066
"13303503767",0.581875903881372,0.238198552993217,0.417820577842571
"13303504198",0.766043145771719,0.395614045959952,0.313519779608368
"13303504426",0.324396928706593,0.728122637461605,0.758254982704716
"13303505452",1.3637371089975,1.62876210800875,1.6979938605942
"13303505956",0.43555466776125,0.746395359152438,1.09611293653339
"13303506162",0.244518286409917,0.315311077464286,0.642292526126183
"13303506453",0.395256177435406,0.430371233923511,0.241622342983421
"13303506958",0.989830538043401,2.03476775611152,1.66591684531553
"13303509498",1.03244317389279,0.629714632915185,1.12766203833532
"13303509552",0.469790612465139,0.614662102483777,0.602646975939997
"13303510268",0.861786168468959,1.59444472951572,0.952024123676651
"13303511235",1.92566369504608,0.851774699501546,1.04936538036665
"13303511353",0.568567015749208,0.395132114133804,0.554392228944975
"13303514204",1.08318451604596,1.21750481974187,1.35409102500306
"13303514512",0.600936531068407,0.771396618538416,0.911964327231477
"13303515159",1.41906289626424,2.40784816942783,1.40389218060512
"13303515435",0.86928701158725,1.49079564849204,0.941280203485254
"13303515938",0.543977636657046,1.69394440478017,0.759286567731145
"13303517034",2.73719066646635,1.64130948240622,2.25264976868929
"13303517296",0.792606297486897,0.978012556610065,1.14511841514999
"13303518356",0.275061923598629,0.420315009333328,0.400380684846631
"13303519412",1.07743610928009,1.22711498585123,1.81655529697358
"13303520868",1.16552565789453,1.32064604790729,1.33780243872638
"13303521339",0.405818602980936,0.497925723283988,0.499998721353432
"13303522299",2.44472349293063,2.45676427185152,2.25844718613643
"13303524227",1.75086970461554,1.58445894321789,1.70841997116552
"13303524586",0.985360133224478,0.499493591015662,0.340515980883413
"13303526955",1.22604204649656,1.67976733121123,0.910215300032467
"13303527380",0.60489176269311,0.259405793195777,0.349285356755663
"13303529722",0.31615436743776,0.41642573847976,0.416123939413982
"13303530291",0.586988728353696,1.06826667214249,0.746618196693486
"13303530437",0.213897073558325,0.339499483985983,0.512351899029547
"13303530804",4.27057123091103,2.27681161299426,1.52356156355399
"13303532162",0.321591719695645,0.389155736001402,0.579591085038783
"13303532336",0.951897017931752,0.4792367201205,0.477636668553516
"13303533617",0.201320123515728,0.191620043941012,0.359348260953335
"13303533785",0.766524963376389,0.804963898931615,0.498530992036894
"13303534219",0.374463994672447,1.11005776841262,0.619809903682545
"13303535267",0.649860943924082,0.323116365197152,0.534785085882086
"13303536886",1.13776542369705,1.41253633602628,1.26041924942856
"13303537436",2.11119530530265,2.20769672707385,2.0286249579877
"13303537784",0.597543819404673,0.633065941680677,0.426137737162074
"13303539558",0.939902113084606,1.65091009514,1.72661962714239
"13303540305",1.55600479030226,0.673000432761937,0.518394787180709
"13303540796",0.679886016447561,0.582110905428804,0.680087724370267
"13303542206",0.371951985206605,0.854993060664833,0.762332843925904
"13303542384",0.566521787232845,0.70351993617219,0.79522528752849
"13303543428",0.652300028014301,0.377397408409627,0.682075221728509
"13303543709",0.952116451131066,1.34222162744448,1.5235512008804
"13303543746",0.294052079241469,0.323826978686525,0.278051688707786
"13303544981",0.842277940609252,0.797860261691079,0.701583272149818
"13303545631",0.305115472789457,0.842367613082507,0.724200220681705
"13303546802",0.479202337083259,0.50686042899711,0.627627333289321
"13303548215",0.768496163662472,1.29367401176558,1.1323448148279
"13303549073",1.22604204649656,2.31351935579842,1.12400530325955
"13303550461",0.71495394406244,0.413543248606526,0.527497778015369
"13303551358",0.488056684393645,0.34673630248164,0.459208908096361
"13303551591",1.25826389661909,0.714533013833009,0.490740882846514
"13303552223",0.625530759598428,0.74456275503708,1.04805351976554
"13303552481",0.780521863131657,1.42417744062205,1.98431093005335
"13303553809",1.43036200573952,1.80117201164683,1.01176191233061
"13303555693",0.174657184468376,0.438560420858955,0.378973911883768
"13303557481",0.546682199321691,0.382223084567321,0.426202046664081
"13303557763",0.367910336690377,0.0955673010402704,0.149814528825934
"13303558204",0.71722557818426,1.58331999828661,0.688457820775618
"13303559032",0.915473871107732,0.63466286268242,0.351966052561598
"13303559976",0.557614700129375,0.569244315959023,0.79939309558681
"13303560751",0.453156595286762,0.458186729656886,0.684756240462267
"13303560892",0.79546434687322,0.66911345910747,0.637623861099033
"13303561715",0.309251809245594,0.701621750878169,0.229083399381482
"13303562092",0.719779900736992,0.578232056008139,0.681775781653902
"13303563044",0.3963024770669,0.527399234915907,0.366766406823342
"13303563482",0.426308053717072,0.556434272462954,0.611077413944998
"13303564317",1.27066336193972,1.60985819898783,1.43322690235484
"13303564591",1.78990811456649,0.673594793256969,0.721246311977226
"13303565333",0.39561706089671,0.393795442154197,0.637782739332273
"13303566151",0.568608718418069,0.618019900577262,0.530589848060266
"13303566190",0.653466979597953,0.417401727212859,0.724796095804244
"13303566635",0.304701215068067,1.04445928578224,0.654921844360116
"13303567803",0.142088220054343,0.308881214031085,0.264577228457166
"13303569310",0.410743178186121,0.478793660753796,0.598363238435246
"13303570646",0.351178539538406,0.426390213701032,0.590777493256825
"13303571195",0.714009118459543,0.81139005794631,0.514366511990421
"13303571648",1.69765369776949,2.61212362939426,1.18597701682996
"13303572308",0.184828059762452,0.97399518295616,0.531678776568001
"13303572625",1.54113296093807,0.659314785524586,0.801335878129074
"13303574675",0.96051489915986,1.15788550227368,2.0979434574423
"13303575045",1.21407462242217,1.5013300767053,2.05074893560399
"13303575157",0.829271959694244,0.857224273384071,0.881593658403239
"13303575565",0.761010595712403,0.221944536530976,0.263519472806621
"13303576785",0.658888930845505,0.906404011639181,1.01972679563245
"13303577172",0.314184685641443,0.203250585629978,0.404887303748768
"13303577949",0.651672834011654,0.0943098733637082,0.0430747271504028
"13303578817",0.953611672674986,0.713858464098098,0.788660646303294
"13303579565",0.898273703972404,1.39188347325494,1.9352812816664
"13303580077",0.484031151870763,0.654415122040814,0.633059401077835
"13303580216",4.27057123091103,5.24997106392759,4.78372154049297
"13303581258",0.425818068583514,1.28551720927856,1.19008898341282
"13303582788",0.679779473698137,0.762807848876474,0.687934763469117
"13303583338",0.256382821097253,0.929940915789877,0.658010244209672
"13303583360",0.440045098103211,0.316115737845649,0.390727852116063
"13303584103",0.406936907084647,0.205423071829659,0.432874517167843
"13303584838",2.85725684229707,4.20710411542806,2.03175507458581
"13303586706",0.601919654418885,0.566881982349354,0.369609182121677
"13303586773",0.6071038277699,0.403601914262502,0.518188234500069
"13303588017",1.90047422542783,3.68903791560668,1.30784703748349
"13303588716",0.405807405355849,0.889300837138703,0.564277463553169
"13303593382",0.699487768312637,0.409408547523478,0.459407523426788
"13303593661",1.28934289274581,1.70410837096527,1.8859689085752
"13303594821",0.680169292601838,0.275276910718013,0.244618417979039
"13303595085",1.45956027250012,1.98002359636536,1.66446519725034
"13303596468",0.593188643562263,1.15298024596605,1.43383337186993
"13303601174",0.806124757906439,0.594125835073549,0.846261702240845
"13303601758",0.524978994189893,0.221004460025127,0.656365140368716
"13303603468",0.608729669781405,0.668587858991475,0.801866681012565
"13303603847",0.83055892611198,0.675680521158298,0.506100460043344
"13303604360",0.280018104128211,0.432638056299288,0.663070915983575
"13303604747",1.75395617279255,0.665654487454477,0.724625609409548
"13303605436",0.706990870782599,0.467036152649761,1.01692459550047
"13303606358",0.271633257149816,0.409879994922375,0.184652433346623
"13303607048",0.360428384425942,0.363579216144987,0.344195109361034
"13303607463",2.06583441927985,1.45033053981464,1.51042945140973
"13303607648",0.31365091468865,0.603192133812129,0.399913009501699
"13303609447",1.06684510057634,2.40665385518117,2.4357735822679
"13303609989",0.562125615305603,0.320586837962644,0.442889174515972
"13303610073",0.489561780291904,0.29688565989914,0.136854222447159
"13303610368",0.440151646615754,0.325233524808434,0.577640978745619
"13303611204",0.325346143060603,0.538876796890514,0.663983545465073
"13303611850",1.28072033891558,1.24584240646083,1.17085676205276
"13303612710",1.50482901416554,0.94306275622381,1.38854851767424
"13303621101",2.53762975626836,2.62153246173637,5.09564736168869
"13303623415",0.547894320898562,0.515668816274754,0.64963968414384
"13303623592",1.06669327837175,1.21584775007342,1.54894449884409
"13303625158",0.640649219399691,0.708745449212418,0.761070143027097
"13303626401",1.10393166941528,0.490820790641067,0.599584036130244
"13303628690",2.3903311472726,2.8026974343199,1.60697135546266
"13303629733",0.546661868020976,0.103738727918939,0.208239080123463
"13303630555",0.430712158116183,0.217261924209465,0.369077551410568
"13303630898",0.398629489030842,0.564487113721283,0.442589903011198
"13303630958",0.481036916897195,3.19474555152037,1.45795077510252
"13303631253",0.360428384425942,0.472534206340476,0.38552689332852
"13303631254",0.670148387597846,0.126238496928874,0.345718110943884
"13303633075",0.295907353355479,0.376466803713349,0.339187583367485
"13303634682",0.559739417160282,0.561610631156295,0.881441675111304
"13303634684",0.281348498039983,0.134305819858898,0.356222390572392
"13303634718",0.349138222462599,0.590204349507125,0.897166868591867
"13303634801",0.615351395948236,0.934466324892193,0.557203453881165
"13303635703",0.196204983683445,0.171476634544547,0.571620785771577
"13303635753",0.44200901001472,1.98234346237209,1.5758644094486
"13303636800",1.48443362819913,1.43800743994009,1.28102460276746
"13303637881",0.142088220054343,0.206133200435452,0.313636436325945
"13303638164",0.353368324600744,0.680875410520657,0.694259808293152
"13303638479",0.215490800896931,0.354335276677815,0.406899187179095
"13303639195",0.354461064244029,0.317182401170115,0.224831464034304
"13303639335",1.35235458958829,0.577062575732147,0.930676628154876
"13303640373",2.13926343563722,1.56561526771831,1.01561617864238
"13303640581",0.602405223961261,0.273109590696905,0.318183419431973
"13303640586",0.423933479510572,0.152225689522579,0.228039087176838
"13303640674",0.501278861363102,0.597883176649347,0.898825335237312
"13303641534",1.2674385271508,1.4970993847374,1.9003013991136
"13303642165",2.9892935748277,3.61788505771307,2.52640891345561
"13303644723",0.402135987159703,1.03589010971619,0.413896996077499
"13303645916",0.801318880559694,3.00235129243193,1.03392104786382
"13303646893",2.05859779322651,2.78343596896887,2.69831895573603
"13303647398",3.23100603665893,1.44769098206612,3.80397994721642
"13303647662",0.786298688486659,0.794193367088331,0.900803759464264
"13303647992",0.682683967516339,0.609422631713565,0.833914812906369
"13303650163",0.395923810214903,0.446092447609718,0.211173117827002
"13303651451",0.574970121983206,1.00117060872061,0.389892619789958
"13303652108",0.791813898050049,1.0768675080102,0.844034051912722
"13303652770",0.645385595333456,0.67803060944308,1.14775445657077
"13303652789",0.3593834417198,0.670364629695342,0.555746520475425
"13303653750",0.251033633147425,0.0778688175730723,0.129988480941358
"13303653881",0.398814718482152,0.21098094059196,0.271753079563994
"13303654236",2.20835594531487,3.61042228664368,3.55108851932874
"13303654494",4.27057123091103,6.48358080300636,3.52826608470943
"13303654551",2.79150876388558,2.16643392259781,2.73894922016024
"13303654703",1.57863422093962,0.707773299964258,0.410184478084458
"13303656417",2.78457940854295,NA,NA
"13303656961",0.284377483638714,0.426765829221384,0.308875919607262
"13303659866",1.19377479308651,0.612330728801243,0.393152950657872
"13303660567",0.196253739387277,1.01761311011499,0.438999042436396
"13303661268",0.658007170904956,0.587537016084211,0.458035682673898
"13303661396",0.818910032511744,1.03770845553973,1.03716767776397
"13303662126",0.371482254322573,2.16075407575832,1.07530267344781
"13303662489",1.41597223556203,1.08317224966288,1.5600644923219
"13303662519",0.766043145771719,0.380671149200788,0.319085566588703
"13303663254",1.5468149041637,1.43941931826766,1.6568207635202
"13303663261",0.235384602881928,0.689290868406108,0.488451286971233
"13303663400",4.27057123091103,1.3856163015837,1.19228376398291
"13303663712",1.29979966413062,1.90951527135848,1.66298920471932
"13303664384",2.78457940854295,NA,NA
"13303664468",0.790357157296448,0.164746791983633,0.784387703516685
"13303668400",1.03780236807859,1.77944559594701,5.09564736168869
"13303669038",4.27057123091103,5.31590383191676,4.97496030774344
"13303669054",0.217674529310322,0.205439073133521,0.231296826830841
"13303670799",1.91888407046948,2.03118950892765,2.02552462159021
"13303670885",0.213697802206785,0.376648076116823,0.231710798427594
"13303671168",3.47258458650987,2.01288360843216,1.2987977275548
"13303671344",0.331222155567312,0.493909126996751,0.430197922165596
"13303671560",1.34415496604083,0.912866660493408,1.58340129448866
"13303672885",0.803891322158819,0.766862137548821,0.828949605653095
"13303673042",0.470945850651181,0.695775211866235,0.440788808156074
"13303673808",1.79379122178206,2.42429537645358,1.56675414384141
"13303674361",0.225189291929158,0.327522917037117,0.443781702117491
"13303674983",1.1019624751668,1.44576201372626,1.60883468759884
"13303675026",0.330371650039949,0.660242146458271,0.707870347739085
"13303675683",0.322464886697762,0.446250204055323,0.443723831186603
"13303676631",0.441125968163356,1.0063289190273,0.57247202935515
"13303676648",0.93281016083414,0.648757438999102,0.633589393557125
"13303677018",1.11617407343199,0.870923725296904,0.952189504373294
"13303677738",0.708353583669911,0.357145946941431,0.466417390978063
"13303677927",0.21628272447078,0.359948002142239,0.445884741646109
"13303679959",2.090411479665,0.824962932013656,0.533774937360214
"13303682861",0.379515246574475,0.0524518116778599,0.11187076180562
"13303683371",0.577852202266602,2.42103863919825,2.68240776950852
"13303683411",0.396225509634513,1.45050774012416,1.08866546587601
"13303685337",0.29528184072368,0.412507008109146,0.420240329832052
"13303685413",1.06669327837175,1.48104928617237,1.37449704619266
"13303686072",1.01792315411814,0.52325634162172,0.59481440953665
"13303686441",0.783020486206275,1.03081702341371,1.18037914512107
"13303686668",0.30955840762375,0.390933814105823,0.71647769610427
"13303687776",1.13776542369705,1.15858421949196,1.02632966712178
"13303688759",0.564490110476302,0.841897671162085,0.728125493094214
"13303689384",2.21827855782729,3.7753082007468,3.98813887957441
"13303690305",0.251700689150304,0.179277981863156,0.307959740774706
"13303691491",1.43637416148805,1.56632031060032,1.21707069307821
"13303691701",0.85603168748607,0.498832870999591,1.00556536636942
"13303691826",0.870958737167282,1.25987999825277,1.37250593231361
"13303693972",0.407300308666613,0.615796028401199,0.477845105989616
"13303696408",0.369029261037823,0.778568614291378,0.292529740404374
"13303696818",0.658502178886801,0.966129727414276,0.592903554436837
"13303696891",0.308665351311152,0.134324460063533,0.363467219742219
"13303698026",0.970406636471628,1.31152828877793,1.21982644050382
"13303698088",0.283323785735921,0.268358559224534,0.197791792765694
"13303698451",0.142088220054343,0.266808126770086,0.192015504161086
"13303699338",5.99920430961955,NA,NA
"13303701297",1.78260094435744,2.23457997128717,2.92732228377476
"13303701783",0.170340837941729,0.524519969229754,0.930798562241661
"13303702597",0.488852051994951,0.567584486373609,0.396148894091297
"13303702903",1.55817588696999,2.50757201973478,0.844336400611888
"13303703690",0.814843798976651,1.22899350230091,1.00834649243748
"13303705753",0.40785436215201,0.830271289989725,0.717671773891851
"13303706188",0.312956914004502,0.813692731177218,0.683353314096674
"13303708940",0.908224098701593,0.783154665030284,1.56859041740596
"13303709182",4.27057123091103,3.65115506934177,4.26064511047067
"13303710518",0.429455736458759,0.26606329546364,1.06520040782675
"13303710519",0.441125968163356,0.625833528688652,0.356967750393579
"13303710797",0.698030577626926,0.936200598592884,0.712687466873911
"13303711563",0.829271959694244,0.750865299837934,0.838800800003574
"13303712396",2.45098584595074,1.34280412676506,1.52927634554437
"13303715111",0.990943197254868,0.164534150514297,0.309216816077307
"13303715786",1.66647877477324,0.876110268210657,1.31923222366501
"13303716032",0.415100746395109,0.52801757438808,0.571325474330065
"13303717768",0.516325858487335,0.376094330678058,0.703118377717557
"13303718148",0.20144473515573,0.386795583054303,0.382275048405544
"13303719016",0.475139058746599,0.325619439380112,0.622130585506313
"13303722619",2.65507368923324,1.19868773591921,1.07780418584804
"13303723186",0.88127659340295,0.660317400224431,0.455561259413507
"13303723777",0.493966298383398,0.590124134159264,0.698704875065959
"13303724990",3.63909895051388,2.89688074071556,2.87553136547368
"13303727837",1.1019624751668,0.827917278869808,1.24730408048013
"13303728135",0.732045712651222,0.570374302156254,0.256943785900158
"13303728771",0.71722557818426,0.368994508452832,1.17944481431537
"13303728908",0.328039798425965,0.323276217977984,0.23961629024352
"13303729026",1.63362870328412,1.11095000068216,1.47176684329988
"13303729584",0.331297651979306,0.403928345592569,0.418923336126669
"13303729995",0.188805322867051,0.416891625012331,0.580060751653004
"13303731079",0.248105578146059,0.100712807782355,0.186190133338822
"13303731935",0.547578700002723,1.28209513317837,2.97247174828623
"13303732386",0.832513692574163,0.447916011277857,0.308450223551102
"13303732490",0.398600348952152,0.569950159996906,0.835341686377236
"13303734925",0.997792906696596,1.84041592159175,1.02176774095206
"13303738290",0.594184171040221,0.433869664745564,0.799933740917385
"13303738757",0.427028238912854,0.870250340464119,0.693880823332834
"13303738874",0.342215639786144,0.329846465169728,0.254565237355979
"13303739684",0.151853979287139,0.255611375076416,0.33531635179213
"13303741699",0.351521098332019,0.0802763372782323,0.525206796232838
"13303741850",0.359630658902071,1.14348809753433,1.0512978217845
"13303742374",0.585223774976889,0.511642336283541,0.350354468560653
"13303742760",0.828440281023379,1.28987096087563,1.08021964696141
"13303742836",1.12628795188015,0.96842150357103,1.45742869662679
"13303743453",2.06873382483238,3.36153421750483,0.86283584398653
"13303743864",1.4327228852603,0.978296526644471,1.21755465749447
"13303744192",0.228696542992744,0.412260083380296,0.324254775744763
"13303744621",0.272092866819301,0.561681477335971,0.647821842980382
"13303744844",0.305115472789457,0.222553587353433,0.225395569137053
"13303745268",1.02396346832177,0.737663980659132,2.24079382727616
"13303745560",0.375649084850514,0.273115265757024,0.750132416798478
"13303745823",1.12501429034633,0.835441354371698,1.95914095557679
"13303746553",2.85725684229707,5.61057188245967,2.42304202365967
"13303747098",0.224019944763705,0.273115265757024,0.750132416798478
"13303750215",0.343573902454543,0.278393402788791,0.756009130601561
"13303750470",0.997792906696596,2.4983677525695,1.41507210219715
"13303750781",0.457789046186153,0.653170493650319,0.515898551290932
"13303750882",0.309482865595929,0.165652721973033,0.146833337896383
"13303752841",0.398194463820217,1.17635269040411,0.664476455833147
"13303754674",0.544882261814364,0.438454214599853,0.591023434920454
"13303754761",1.44305322903077,0.334330775643328,0.574750893237425
"13303756335",0.85602413413697,1.1793771966295,1.0682285807201
"13303757215",0.357600885485678,1.76841658700082,0.764933091225586
"13303757228",0.544771528470416,1.43382959034418,1.80907477896136
"13303757445",1.413641007324,1.12569909665132,1.32843832192303
"13303757859",0.195218133443742,0.0812803628659009,0.249040509963326
"13303757980",5.21593374183226,NA,NA
"13303758124",0.451572227094661,0.387215682632194,0.614675008634235
"13303759398",0.364580123325803,0.608244456015649,0.595319101990372
"13303759792",3.96913048846792,1.86381576650588,1.6475590289283
"13303760699",1.02077314455751,0.747303084327984,0.893185721169759
"13303762755",4.27057123091103,3.74219710626129,3.49973851816581
"13303762901",1.55076061067885,1.25837176578717,0.883374948947349
"13303765094",0.34476658902492,0.387796231802824,0.474437569953625
"13303765945",0.680886564272376,0.977939461214162,0.747494771502741
"13303766023",0.655053818173736,0.790898836721629,0.606590683015773
"13303766167",0.339289848014878,0.291265232647296,0.160240871525107
"13303767020",0.464887354954913,0.134943009753678,0.179414119870967
"13303767954",0.344730827830052,0.0949642962808201,0.384109056421616
"13303767974",0.217388653454097,0.257600180767662,0.21800861494444
"13303768172",1.75988020575965,3.31070781199899,3.04268028164902
"13303768899",1.936688921176,1.24001281466027,0.855521152782068
"13303768927",0.344803190177504,0.509441557759045,0.482156606635546
"13303769492",0.912673431791006,0.989330672634062,1.17437046193463
"13303770765",2.25111462249662,2.12163420553584,1.19090056130739
"13303771197",1.29717954499154,0.43095583630331,0.249673349824159
"13303772538",0.307799699091978,0.594432472324025,0.615906010018882
"13303772993",0.545577243674416,0.435969668890494,0.392607017190594
"13303775890",0.358514588806266,0.457922796296361,0.693765145695272
"13303779281",0.217674529310322,0.205439073133521,0.231296826830841
"13303779768",2.52903625922061,2.48541133937724,1.8140645392233
"13303780454",0.742257296066027,0.540385215400266,0.675470703479421
"13303780855",0.287433231312035,0.436650501985206,0.513580151769982
"13303781371",0.287433231312035,0.481291320595742,0.629785617494849
"13303782404",1.1991527769648,0.331981616124037,0.996448918367481
"13303783664",0.450886908118803,2.33377664051144,1.586609069154
"13303783819",0.368576481959097,0.509916749993361,0.693966959974937
"13303785544",0.553989527229759,0.359269013801704,0.752218101088744
"13303787476",0.196337083132187,0.337019788849153,0.450004861865939
"13303788320",1.03907898560797,1.10293941761834,0.997941187659024
"13303790093",2.51057068189217,0.757935673921351,2.66039818214296
"13303790452",0.46965049385478,0.651433203562037,0.776463156362634
"13303791688",0.753271272018563,0.65774507123981,0.931246769725177
"13303792291",1.30092952756148,0.651975355511424,0.828327632176822
"13303792939",1.2825692769607,1.74619742681284,1.66543007589799
"13303792988",0.348083149124427,1.34925532967509,1.46365799512519
"13303795290",0.992442928536801,0.598683896011459,1.36503490494535
"13303797502",0.680886564272376,0.969202439251879,0.670070382605013
"13303798226",0.271623564021897,0.336616769494832,0.290333412991218
"13303799786",0.959094449184989,1.38711897890308,1.01809931191208
"13303799952",0.455700710795688,0.652696616268882,0.938926231260785
"13303802143",0.496398110459876,0.955756151398241,0.638552328314797
"13303802284",1.54313020185174,0.593921627282142,0.646021850978861
"13303803454",2.45865441621456,1.83129012137068,4.47701339505096
"13303803812",0.25010456760907,0.373094108232639,0.793359737747152
"13303804452",1.42344637010083,1.03021170143429,1.24784187292212
"13303804704",9.33092648677833,NA,NA
"13303805571",1.505490905637,2.83579214222034,0.907923418128575
"13303805798",3.03607788825437,1.94337790318496,1.77350847243155
"13303805899",0.641755473903507,0.703069840085222,0.690510431781526
"13303806850",0.832513692574163,0.517082165845533,0.53526419457713
"13303807232",0.590844372983747,0.981659381133489,0.713368811441963
"13303807506",8.40751713610114,NA,NA
"13303814787",2.25613871800122,2.77173823839206,2.0875623459791
"13303814829",1.85852360631278,1.58932115945151,2.23631886598624
"13303815801",0.461915240071811,0.494453143757856,0.355986001350212
"13303816889",0.264971493118556,0.34860921423436,0.698824885743372
"13303817323",0.48595583676284,0.430449765528255,0.749363095702986
"13303817953",0.92259153177967,0.379989269104171,0.593600775712714
"13303817996",1.79466066261429,1.21737858012212,1.4616736409635
"13303819355",1.14948474379046,0.593043734217589,0.233002862443366
"13303819429",0.678074530749334,0.602897918741913,0.481016017768994
"13303819479",4.27133432097432,2.1143702334957,1.69872586860946
"13303820312",0.48879697400169,0.659279041761005,0.709573303387541
"13303820493",1.63095856857888,1.80622167032242,1.99565857129811
"13303821653",1.15906721445875,1.32793381126328,2.13303538844379
"13303823849",0.679813280891172,1.20562866374509,0.709600115812763
"13303824133",0.423305251799667,0.433035286384399,0.531032791665547
"13303824532",0.892052096911934,4.09238753298602,1.51867235915358
"13303826114",0.837716118820374,0.862774701956354,1.10711804137125
"13303826887",0.487255749565126,0.306394826113238,0.384858782829297
"13303827131",0.510773261222311,0.313493502563335,0.11475977126088
"13303827213",0.40059085848193,0.267884128338147,0.390931283417
"13303828812",0.476578520418527,0.127970326648358,0.132145305371069
"13303830757",1.35618476683259,1.16413468038834,1.1441618514065
"13303832348",0.832708866559782,0.338771018814427,0.416190726203443
"13303832400",0.332711285042057,0.136172550308291,0.304558538618191
"13303832526",0.423626899509962,0.591448570177758,0.578807860430579
"13303833189",0.838093432950603,1.42694478915655,1.09122375790419
"13303834384",0.990382660066845,0.309766360103365,0.458397059384484
"13303836373",0.501170053104567,0.444241166729636,0.682578719790459
"13303836434",0.5775777487631,0.690912450084627,0.604110076727533
"13303836922",3.60346186903596,NA,NA
"13303839028",0.142088220054343,0.528625282664228,0.314952936849562
"13303839473",0.656358882919093,0.264363794860278,0.181235688987883
"13303840063",0.30955840762375,0.278022944341461,0.480060682370785
"13303840433",0.488056684393645,0.34673630248164,0.459208908096361
"13303841354",4.27057123091103,3.41094343135389,4.40561695894952
"13303842312",0.802522692763704,0.617692690724363,0.728884156054742
"13303842794",0.706939816406652,1.15870363180312,1.01690566905526
"13303842922",0.945544774301245,3.9383724316873,2.5237244356761
"13303842934",0.142088220054343,0.250946078822048,0.243166951199207
"13303845540",0.154945254257576,0.240516617476364,0.479503740756625
"13303846460",0.287895200182912,0.479474258395251,0.355546924647879
"13303846975",0.383727905732789,0.227487822750177,0.526821498010612
"13303847202",0.360436930853356,0.245651569338785,0.322758784440951
"13303847426",0.388447536650037,0.529734094299835,0.594198378899925
"13303847545",0.680886564272376,0.593959363173593,0.51257166901092
"13303848076",0.491423846319551,0.165103400998415,0.175232313000376
"13303848721",0.454705669605303,0.123686792119771,0.31899187569616
"13303849668",0.363152830464216,0.399853686876263,0.484454085898095
"13303850314",2.33832552675104,5.69490412110946,4.00587943445605
"13303850742",1.43637416148805,1.56632031060032,1.21707069307821
"13303851074",2.49716870602145,1.62224700083989,2.17735787910668
"13303853517",0.714009118459543,0.570205764330471,0.510954544860325
"13303854024",1.11636175213174,4.17104315036485,2.27874291996904
"13303857515",0.383765133919684,0.630927513696859,1.00368698384362
"13303857846",0.273934733072631,0.521387580356916,0.363722673999505
"13303858152",0.142088220054343,0.0608477605682017,0.0741570370799543
"13303859767",0.640661411894874,0.159648457545729,0.214815934155373
"13303860359",0.451787921360935,0.58864859597925,0.43976288691199
"13303860576",0.565462123253479,2.56709187426718,0.725031478078596
"13303861037",0.589094642932965,1.00350978828347,0.920287284645625
"13303862531",0.671428242304946,1.56133527142902,1.19551561872448
"13303863902",0.339289848014878,0.567126701053981,0.284917684728802
"13303864829",0.764704666721501,0.494567469482891,0.774446339816284
"13303866316",0.97282841829297,0.237818659182525,0.393471907782156
"13303866887",2.41158977742311,3.4903055584649,2.34509262089952
"13303867239",1.28934289274581,1.70410837096527,1.8859689085752
"13303867687",0.832513692574163,0.472464662621018,0.52669450879018
"13303868612",0.533279476275189,0.220320721585152,0.303410353206919
"13303869142",0.563121878090781,1.52077518645677,0.506687796965296
"13303872107",0.359657053723946,0.428841034576705,0.312269153239854
"13303872158",0.187630769932601,0.132425831902171,0.20389090672362
"13303873245",0.279302214523562,0.592732847053426,0.527504116210798
"13303873418",0.66634800247431,0.809962437921321,0.726330406291625
"13303873649",0.533279476275189,0.170730173904443,0.25075812718998
"13303874363",3.17842210733411,0.905120351284856,1.0187673722731
"13303876682",0.767264057120472,0.653090799823792,0.761793920221695
"13303876779",0.541729230765634,0.662911670122458,1.03510558935876
"13303877148",1.34149371159495,2.0760385019287,1.80388988920679
"13303877294",0.636628871899917,1.89833979658046,1.51836052280714
"13303877893",0.224019944763705,0.0823647891853011,1.19073785541063
"13303877935",1.37989223318439,1.54101818287002,0.782470769864858
"13303878073",0.537165481692967,0.923404957947932,0.811463894017384
"13303878605",3.50401655162927,2.31592834213331,4.30812932042098
"13303880618",0.308665351311152,0.116856406883636,0.241160979519121
"13303881300",1.15664047405429,1.14233936944151,0.993661154380694
"13303881682",0.43555466776125,0.701076585256553,0.804693527314986
"13303881974",0.77620616673537,0.566538240154322,0.353991491606412
"13303882580",1.24354852974149,1.45583878460415,1.22153650301167
"13303885568",0.553707813862606,0.716418938047693,0.694284546617577
"13303887311",0.328784355223565,0.48242846178117,0.460012726681215
"13303889157",0.654368753848203,0.0425345094133045,0.577400573151321
"13303890260",1.48336976576694,0.953429418048644,2.01484806926128
"13303890909",4.27057123091103,1.57283622429758,2.60516590870943
"13303891312",0.697722394420704,1.62991900719489,1.18118616258613
"13303894415",0.923533728797514,0.57050449581406,0.318873064697463
"13303894748",0.680886564272376,0.718339038836695,0.533164914577278
"13303894856",0.359048146986514,0.953057157616494,0.503262460901625
"13303894955",0.932315854376911,0.676902360478667,1.11114721504521
"13303896251",0.831380349713018,0.543835095528089,0.698670628344088
"13303896833",2.90764718298401,2.13056723639714,3.61848191269003
"13303897375",1.28406851500693,1.09467278363921,1.06233981932252
"13303897463",1.02332314473365,1.20800304210141,1.23954585215743
"13303897750",0.289623620514822,0.487250492333504,0.416158272691294
"13303898203",0.88967689188292,0.72011246938993,1.00575350767279
"13303898999",0.591515749410503,0.563853862012536,0.493987238849515
"13303899070",0.400571609456808,0.385460857922551,0.741094067061388
"13303901684",0.264971493118556,0.34860921423436,0.698824885743372
"13303902355",0.478398664024791,0.356597054635574,0.404062059646832
"13303902888",0.281468831286132,0.497980943255656,0.458945447616159
"13303903311",0.287433231312035,0.325915063347803,0.494699755050393
"13303904834",0.64696117815645,0.724606003955779,0.782238810355243
"13303904865",0.50226030044214,0.150632271979671,0.520713527195781
"13303905066",1.55482950811665,0.74037421852872,1.20338019152509
"13303907278",0.804574462117391,0.120577546763228,0.307332590186223
"13303907297",1.00729961429774,0.575760970223695,0.867637000532509
"13303908013",0.655053818173736,1.75341862281228,1.16095328367313
"13303909586",0.308378506369497,0.371483534437489,0.707091456567789
"13303910708",0.244399572237006,0.178902176144569,0.235049355079608
"13303911203",0.544882261814364,0.495662282340888,0.836686950861969
"13303911550",0.866821019725215,1.19595093579057,1.66703199875271
"13303912092",0.867425762689437,0.563857971000135,0.814724514904029
"13303912371",0.206051170421894,0.628164461609348,0.521826906526297
"13303913446",0.514326979442594,0.675702564555582,0.637106615013172
"13303913499",0.315046055186942,0.251605242615167,0.237495023998781
"13303915525",0.293933641560486,0.399621096197644,0.617358916929468
"13303917854",0.925508108928765,1.15150054672408,0.613537501490944
"13303917905",1.21951980626404,1.32917128255308,1.45692930991533
"13303919818",0.893247698574304,1.00375909957422,0.8591052813328
"13303920059",0.565842083871594,0.157016753752535,0.287276197290811
"13303920142",0.306933599460161,0.857598325582156,0.713712121231969
"13303920574",0.284517695801899,0.614772506849511,0.647407513861311
"13303920798",0.238909011343314,0.153458794161822,0.341598689305862
"13303922657",0.391200509855917,0.821384049220133,0.766425999742582
"13303922947",0.816966960550252,0.528072525088806,0.72705323448141
"13303924501",0.266045435082902,0.302856507980356,0.731551496922309
"13303924610",0.599556545885821,1.42339329506494,1.02103065714058
"13303925751",1.09641248416647,1.89884184153619,2.11269260593772
"13303926009",0.932032937402332,0.38217290490106,1.0754231556084
"13303926352",4.27133432097432,3.33857958569839,2.15348636634627
"13303926413",0.277270561990433,0.185584463688645,0.285016557408408
"13303927048",0.293340396071854,0.533590449208879,0.813576896072138
"13303927347",3.60346186903596,NA,NA
"13303927423",1.01973115080451,0.30012549016173,0.673224157073143
"13303928725",0.325987171449594,0.464862870953606,0.72524061696787
"13303929397",0.629434450513301,0.526343881952891,0.512677396498353
"13303929721",0.604266612222745,0.596045734158411,0.561674847807789
"13303930153",1.48925307903874,3.34184232747493,2.04377756184899
"13303930420",1.15666388795119,1.45406566594179,1.26829120617195
"13303931204",0.348090058735479,0.950350267383536,0.88263306227921
"13303932130",1.3362471388199,0.665216054212967,0.822983220284217
"13303933271",0.898435957150935,0.385312716598212,0.793293413304128
"13303934456",0.795985960996245,1.67816377238655,0.75011911543358
"13303934854",0.899238565058491,1.00428408139121,1.69473055736181
"13303935325",0.538273826314992,0.765841653613326,0.618839979710589
"13303936600",0.267661241012104,0.301840095378948,0.281207835388163
"13303936684",2.11119530530265,1.10687012637603,1.12368575775865
"13303936760",1.21835808682094,0.857731031266278,0.755470614094606
"13303937946",0.783491958954869,0.596853951579153,0.407237405473814
"13303938329",0.374463994672447,0.964493295286483,1.07510934670539
"13303939688",0.562037307641443,0.944397620965019,1.016344208101
"13303940398",2.47829031541141,0.580137061828485,1.23250243704073
"13303942183",0.609336653571675,0.618376898350759,0.414318105504685
"13303942534",0.258199863139724,0.358421217337637,0.652302954673353
"13303945568",2.34691683134502,4.78077279981017,2.6997408617172
"13303945671",3.32837612698172,3.09153099368737,2.32269719544011
"13303945701",0.905717693438392,0.952994868493967,0.702237792044441
"13303945920",1.16253474355545,1.81843306951795,1.24384155516356
"13303946493",1.02567666148237,1.00418682273433,1.03354203695936
"13303946616",0.428228163976902,1.16233951762912,0.642773063873774
"13303947715",2.3389509850235,1.04968077629244,1.61234598145164
"13303949045",0.870958737167282,1.25987999825277,1.37250593231361
"13303950738",1.14357705390098,1.51797120448527,1.5125008432883
"13303950898",0.593188643562263,1.07483080507425,1.08237465320471
"13303950939",0.532719784733011,1.19932027823137,0.891971473596156
"13303950951",0.759255017984147,0.264467791718994,0.68875075695705
"13303953476",0.258199863139724,0.346682405250571,0.533076917261545
"13303954014",1.12468980182108,0.492952446912218,0.791177672801079
"13303955527",2.28898491949384,1.78572008043123,2.73202590711588
"13303955975",1.52336719309129,0.683809719379942,1.24379142011455
"13303956836",0.77043377112112,0.630482249130767,0.765995520958729
"13303957041",0.142088220054343,0.0578999523810159,0.233196809920822
"13303958144",1.32060848956614,1.60907247323143,2.40340388155615
"13303958402",0.630424314468517,1.96071607800374,2.34322909417921
"13303960638",0.323359353282377,0.981498075286569,0.735261130015258
"13303960887",0.755100489929754,2.24582475398858,1.65560295556075
"13303961235",3.2683853970439,3.26490583389821,3.94262842467786
"13303962999",0.33776374186551,0.590887210232803,0.415762018147865
"13303963656",0.739220345421156,0.671292382209606,0.679777834795914
"13303964150",1.00554583615796,1.08362086197423,1.24838550818445
"13303966667",0.65138871881379,0.562689651018586,0.557905144728988
"13303968883",1.22732274515864,0.475577662621131,0.238292875968188
"13303969592",1.11002865176432,0.407034654453009,0.743194789816116
"13303971365",0.221040823249377,0.264065407350074,0.319588914290258
"13303971806",0.193802830871276,0.665632003640416,0.418135070712012
"13303972321",0.557763540987826,0.42086301423163,1.11265065026312
"13303974583",3.00357566525909,1.01443056511648,5.96818132997352
"13303975550",0.398283925779253,0.233642647187171,0.466297429022058
"13303975793",0.410261802415512,0.442681647175962,0.31389666651235
"13303975818",0.968173589126852,0.631364841106604,1.31352837108013
"13303977141",1.00239324574608,0.295821556234771,0.327938388627291
"13303977380",0.21614889258679,0.254633218613511,0.341732504018291
"13303980551",1.01690994510329,0.618180846766208,0.811250890417599
"13303980843",0.452243228647496,0.491717778099319,0.478990065434825
"13303980962",0.460308395771129,1.84709293124947,1.54327962320446
"13303982052",0.22053903766043,0.259770440754688,0.363578626304169
"13303982167",0.679779473698137,0.398804389293018,0.395462011088195
"13303982476",1.38461937625871,3.30242966359626,1.38400491574298
"13303982576",0.281723768791588,0.176337816206363,0.559590488235478
"13303983386",0.501170053104567,0.485784997555378,0.678118496852408
"13303984479",0.311494387066112,0.892346252928668,0.853329516880184
"13303984645",0.142088220054343,0.471141242411909,0.785321198762457
"13303985035",0.589094642932965,0.516191685582033,0.990301307109534
"13303985122",2.09324912092625,1.01718691881607,1.90245022934145
"13303985615",0.694588211917055,0.826426211777539,0.827553508726001
"13303986644",1.1311703076996,1.12532876326632,1.41206634559051
"13303986794",1.21951980626404,1.82905759954302,1.80029650301864
"13303988800",0.284338399626892,0.890811248625904,0.7856374347386
"13303991481",0.418909109214748,0.27407728131219,0.326545057258946
"13303992100",9.22953831297379,NA,NA
"13303992578",1.62221605720606,0.354641182770805,0.739115024449608
"13303992932",0.331277259271845,0.652990895299466,0.734030853592727
"13303997430",0.980427547368166,2.36544605332695,1.41724843201087
"13303997836",2.27036514306701,2.51616336982447,2.35874158740457
"13303999539",1.6341693176008,1.10283340671254,1.17989675644595
"13304001334",0.599040989320327,0.485723134956545,0.333495716262781
"13304002053",0.712312883919171,1.30362954528345,1.72532858856147
"13304002235",1.19972701891383,1.48005205485242,1.34168920022894
"13304003420",0.867425762689437,0.588426856370711,0.738783867461458
"13304005530",0.351552973044271,0.899605060309388,0.577808355787612
"13304007926",0.673316672173114,1.76391365609208,1.46756047711976
"13304008111",1.5741561030122,1.28051510935302,1.18231269372838
"13304008266",0.40059085848193,0.332936967452221,0.518667191607472
"13304008566",0.252619671409808,0.384992930186938,0.373831760572883
"13304008585",0.798309454688075,0.896535988827441,1.57994671426246
"13304010705",0.543977636657046,1.01281619676891,0.425912359311234
"13304011030",1.54933851964125,4.48774224282386,3.68981957514331
"13304016740",1.91391042608245,0.42555253852451,2.27297380544779
"13304016784",2.13926343563722,2.01288360843216,1.2987977275548
"13304016889",0.415467087709115,0.332137260582328,0.564065217491827
"13304017873",0.867868989474109,0.55097570241537,0.85826673393705
"13304019320",0.291956983520863,0.171276005040127,0.270971471881443
"13304020363",1.86252152863158,1.46962879996207,0.722274394942883
"13304021005",0.25010456760907,0.241540099750537,0.477723460223862
"13304022524",1.56508146026902,0.877934336901389,1.28164559855214
"13304023296",0.621469210121099,0.439808438372456,0.446850310938014
"13304024070",3.32812120768951,1.83230114302375,1.77917320426644
"13304024189",0.415153176574462,0.644057374953047,0.640349299713423
"13304024553",4.27133432097432,2.93752752935395,2.58887324758409
"13304024572",0.39561706089671,0.213583268260491,0.339635833550739
"13304025275",0.496398110459876,0.338346262872685,0.235861758601384
"13304029150",0.397909467884776,0.599300874699862,0.752384533810511
"13304029259",0.796257364443753,0.52797264353085,0.641942521455676
"13304030893",1.69300930974582,0.10118108671256,0.233288061685979
"13304031374",0.310498937354258,0.0355958964557526,0.0773864965551261
"13304031659",1.59360011676562,2.13973776660468,1.77032869185328
"13304033763",0.375855806712816,0.314689899256991,0.33406480483948
"13304034443",0.445880660085373,0.459468033731397,0.453909912869047
"13304034772",0.609336653571675,0.465996239487951,0.358053795662627
"13304035728",0.646511598774545,1.10717910812183,0.371094561705742
"13304037101",0.407023015189995,0.500079540181027,0.573409209790007
"13304037770",4.27057123091103,0.936166854721901,1.17425187848934
"13304038304",1.46844177748401,2.22129989438614,1.88717424778606
"13304038486",0.294506619690866,0.553976998313264,0.642426107097436
"13304040248",0.388952092987947,0.577890332647303,0.914051088902185
"13304040599",1.06669327837175,0.870531549600729,1.86313348090941
"13304040792",1.01350612258963,2.22117781630444,1.56004679560946
"13304040941",0.273969778845287,0.314773120513969,0.439820098634724
"13304040943",0.946696389385213,2.54830228894283,1.50365838487637
"13304041946",0.546819437893011,1.38801261080436,0.846189841900588
"13304044247",0.380383959366064,0.343298546817612,0.3592281286598
"13304044708",0.854086632890138,1.2986414310653,1.4836946635251
"13304045160",0.50529463445048,0.731700357841992,0.76935890803911
"13304046593",1.91557113133604,2.98313651641713,1.58930215729005
"13304047753",0.738726374459438,0.813168095294625,0.951871267398028
"13304047805",4.1966003844002,1.5291322302549,2.1571921823186
"13304053266",0.679685641346189,1.34485324380427,0.656047178470455
"13304053385",0.647504345138075,0.413789818157418,0.31338541918541
"13304053828",0.539785685102237,0.436268451956976,0.282609176216229
"13304055721",1.22472436516313,1.60397394044177,1.7051159079658
"13304055813",0.847859325683248,0.769568598241832,0.555691207105499
"13304057761",0.738602292970756,0.784793248664519,0.92819600159314
"13304059037",0.699786428258287,0.44572722120525,1.12341798805353
"13304060192",0.755295251812814,0.557987848961595,1.29857486051876
"13304060529",0.723451925288426,0.585308099508094,0.579182886317864
"13304061182",0.93537247690929,0.609658912060798,0.818975429526983
"13304062276",0.357099141027785,0.610560016971868,0.795547787889558
"13304062763",3.59750535412873,2.90797112036741,2.04216689303734
"13304062829",0.719793496349341,0.655264143668827,1.90971108872148
"13304064750",0.953784962291192,3.17661817047976,1.90253111385556
"13304064827",0.395310417341144,0.747948541536411,0.859024559382378
"13304066940",0.417633227543702,0.643749237626929,0.571948195183755
"13304067314",2.94615943451539,3.35143510055223,3.67638185864385
"13304068154",0.3543146122464,0.536838825404889,0.415493178340408
"13304068665",0.317779703567349,0.271996777732323,0.444911497894696
"13304068760",0.387404684448225,0.483554363711903,0.374839656842489
"13304070034",1.19439698913802,2.02083333013558,2.2675736006115
"13304070247",0.828410442048198,1.44867777227199,1.63741916104545
"13304070615",2.82238380582249,1.48166287783447,1.42380187143549
"13304070837",0.683249255988365,1.50067512920234,1.16325503261616
"13304073820",0.479477151443151,0.63823961330479,0.636753150170693
"13304074373",0.373574712774308,1.25729633033463,0.49737070477428
"13304075373",1.22089535555345,1.40354258993897,1.24486477888439
"13304076197",0.763517836097436,1.63717749809835,1.45663518525476
"13304076206",0.739885422847254,0.687263925874538,0.389142765090331
"13304076576",1.19972701891383,1.3027137265416,1.06661238683336
"13304076931",1.71337684738928,1.91915067247325,1.94276229466379
"13304077124",2.87273525038855,2.56769121072312,1.76141985988519
"13304077953",0.720335973381738,1.81542230849313,3.12146942687712
"13304078637",0.237777469625091,0.62078341006232,0.570228067768901
"13304078833",0.599305926749797,0.892394392581287,0.882061344532229
"13304081852",0.906040931753583,1.65735861569657,3.16059901711904
"13304085004",1.97492722663199,2.98013330886466,3.60838773557237
"13304085509",0.284377483638714,0.412719892490862,0.271266122350171
"13304086599",3.45249459913668,1.74136992530367,1.74619018884075
"13304087701",0.464282598706188,0.728213731841389,0.913901433994143
"13304088136",0.544177556912836,0.249327299074065,0.603671367837853
"13304088643",1.72090279077921,2.56656606855834,1.77967140753899
"13304088875",0.831380349713018,0.5846258091723,0.658588897743576
"13304089479",1.25257961883297,0.385498587917832,1.12664966681865
"13304089929",0.264971493118556,0.282723576603278,0.5826551792974
"13304090902",0.551906385726438,0.596384074301353,0.931581114216499
"13304092064",0.665745733699661,0.308708920094854,0.152608457940666
"13304093375",0.615351395948236,0.934466324892193,0.557203453881165
"13304094140",0.945133188457149,1.36299461977157,1.12887556802163
"13304094503",0.426308053717072,0.432477680422339,0.451968592348381
"13304094612",0.441818708252206,0.251721489336219,0.394567675746991
"13304094901",0.463256959342232,1.17249340116963,0.776097865114303
"13304095109",0.516325858487335,0.95269818460104,0.855784627762184
"13304095142",0.516325858487335,0.95269818460104,0.855784627762184
"13304095904",0.898083420973695,1.23790826999968,0.874241720030966
"13304096393",1.71562300658661,2.38209826818009,1.666823839513
"13304096754",0.527277147655775,0.823118053965079,0.594087970561275
"13304097098",0.339289848014878,0.291265232647296,0.160240871525107
"13304097269",0.721967025380847,0.550387955247908,0.300956833601291
"13304097602",0.292849883299594,0.319496079589631,0.420242583855403
"13304098262",1.56077537567786,1.69452915030858,1.69880881686971
"13304099314",0.487028019462149,0.426231223392789,0.600560250516832
"13304099943",0.838106166299098,0.832121210924648,0.834662374202021
"13304100141",0.696972863690646,0.18771685185396,0.670553780003004
"13304101196",0.437512509240388,0.278702581063283,0.931852140395804
"13304101985",0.792702552133457,0.492877857398715,0.916151489092629
"13304102932",0.444227894710316,0.437666842091821,0.500502067912862
"13304103827",0.529770186462324,0.0508605481948409,0.132075082219449
"13304105201",0.412780787665248,0.542046271295976,0.476813933085069
"13304105733",0.729565848766065,0.822895143617725,1.07469015828043
"13304106125",1.06803392062571,0.701367197869348,1.38670932538365
"13304107233",0.32076775643871,0.401956430224071,0.25548303347054
"13304109461",0.6483377927644,0.311746014411405,0.659178221716278
"13304111061",0.487638443133285,0.379438826987947,0.315313019160029
"13304111510",0.461525570924706,0.918997294262881,0.487142960251673
"13304111616",0.6071038277699,0.391229047888963,0.559920790792078
"13304113836",0.413670943028745,0.235749449908386,0.168363122192733
"13304114042",0.912832273836177,0.801043696377171,0.973933161363453
"13304115098",2.92642416115351,3.9383724316873,5.09564736168869
"13304116255",0.206007482180673,0.243336247026875,0.339733425026047
"13304117654",3.37202411747085,3.33181573602725,4.3133476324144
"13304117827",1.12102165224552,0.646760372940033,1.02259328866072
"13304118680",2.0671515531983,2.76690556573999,2.91067816849672
"13304118689",1.31462537142363,0.822697090213465,0.676963240210748
"13304121773",1.15960366542624,0.698984768751542,1.02800736664915
"13304122512",0.290709909493553,0.20930569950005,0.259386781288705
"13304123454",0.82975983917812,0.506243559374039,0.585716527118399
"13304123500",1.53438936451024,1.02186639867483,0.805494701178092
"13304124718",0.688635499306649,0.42113628922283,0.626599904340757
"13304125308",0.407023015189995,0.50541289364382,0.584263550935513
"13304126526",0.180418354069833,0.0472569339810283,0.104703023473417
"13304126565",0.571626573163513,0.491262483842999,0.29910437705132
"13304127032",0.300895209260185,0.231591859425391,0.598098671120397
"13304128178",0.784219519138858,0.364654711319948,0.73673910659253
"13304128905",0.682598762400285,0.535115428512241,0.481519154333119
"13304128981",0.571626573163513,0.57273231534616,0.283321674815434
"13304129606",3.36131706676767,2.67791659684712,2.65855009419653
"13304130103",0.369069370428443,0.321000129555549,0.471196869603294
"13304132482",1.16282903157013,1.57921238980889,0.955503388388506
"13304134227",1.67924352774438,0.718415114944298,0.538964211065958
"13304135718",1.35724229857318,1.98108699379871,3.45308123845072
"13304136576",0.593846364276665,0.607287925865824,0.766640714585344
"13304136867",0.273934733072631,0.459307438964486,0.486430538213307
"13304137070",0.226175435430881,0.262188334037224,0.403414942943477
"13304141211",0.322692575603544,0.294756201420847,0.322777687842415
"13304142510",1.01703686330628,0.688766628235824,0.471962353960857
"13304144642",1.60904937415116,1.47302947970032,1.04869732253948
"13304145049",1.4919837184661,0.416028587478823,0.608983501177135
"13304147078",0.233308252368744,0.415030036466195,0.452345711708175
"13304150725",3.34770400602524,2.63162625781796,1.85321269838178
"13304151186",1.97492722663199,2.28873681904456,3.12897238055771
"13304153360",0.871506525787598,0.215004146769091,0.521636836766661
"13304157590",1.77094460316574,1.07616439041339,0.846314764605983
"13304157634",0.423626899509962,0.551695080316033,0.89912432496855
"13304157956",2.1828545175997,3.72421922805117,1.86067909587527
"13304159230",0.660352572448679,0.729885423193688,0.731092947890306
"13304159722",0.479584570895718,0.871293558465284,0.658490908707072
"13304160112",0.206243268943179,0.422159966677907,1.09131754989067
"13304161111",0.545516427272457,0.494569488435993,0.669725986394492
"13304162246",0.526643399845174,0.558107118973461,0.632721537232093
"13304163356",3.89377056540821,2.54793973777392,3.1254965415512
"13304163750",0.496398110459876,0.814244087692856,0.490135759919747
"13304164550",0.315402367092295,0.381000104431327,0.224683175721278
"13304164670",0.443336766356081,0.25588878492705,0.383995815022265
"13304165243",1.71303071952124,2.58891852519408,1.44930513312669
"13304165909",0.88127659340295,1.17458963912467,0.808261983583301
"13304166970",1.22687324915948,0.660038406967597,0.785619991860774
"13304167457",0.607526194093099,0.418740504642997,0.80054624698062
"13304167810",3.80763742148046,3.65115506934177,2.40657556961234
"13304169208",2.36672872735913,1.8918062203432,1.13447665577939
"13304172243",1.1019624751668,1.66646728011421,1.98936115541352
"13304173320",0.783491958954869,0.37713785030769,0.291419100504025
"13304174639",1.34333481776102,0.915442103817966,0.70784652701227
"13304174674",0.505326597812603,0.496349462406863,0.414111415721985
"13304174748",1.46164585071872,1.26187301277658,1.38100234494477
"13304174832",1.936688921176,1.39391256155622,1.229485178916
"13304174882",0.344804072058992,0.201803462395337,0.184444805144186
"13304175412",4.09421213868252,2.05136139315477,2.46419230152885
"13304176029",1.06526508293932,1.46044270369206,1.39476886507836
"13304176561",1.05713658849911,0.758033588583772,0.906154442484579
"13304176663",0.419429167528037,0.29511093131875,0.510108714048704
"13304176858",3.54791417907297,5.5489390831523,3.80519147484374
"13304177142",3.22277949525346,1.9537578224824,1.75928971972772
"13304178923",0.386428914711676,0.707765448794192,0.646770660487052
"13304179043",0.317649485671332,0.117673517665894,0.156548174852944
"13304179729",1.25194429459853,0.716641339272574,0.925842321343034
"13304180632",0.982621393538897,0.531037785640022,0.908780150883003
"13304183350",0.753871692517446,1.24914287686115,0.892292902158262
"13304184180",0.405593763844786,1.11531358752995,2.00258733189758
"13304187484",1.75945447231709,3.2139894606657,1.59258406899461
"13304189829",1.15309409412962,1.5746233114557,1.17412138804671
"13304190547",1.36954754222458,1.75521025994552,1.32510853322339
"13304192297",1.11614393137266,0.396462828223331,0.402889422810188
"13304192416",0.23483429618545,0.478414965550017,0.367318154159177
"13304194411",0.802320505497381,1.03096838796013,1.46483302988296
"13304195336",0.491938477029692,0.422539219034284,0.262652220305415
"13304196188",0.479202337083259,0.657530924173723,0.783855208975829
"13304196310",2.45458737701052,2.32600551833965,2.5000897720448
"13304197857",0.429651875860506,0.503292390458203,0.424577692946882
"13304197928",1.22732274515864,0.63826731367481,0.346694214424214
"13304198726",0.359630507359072,1.05563542008016,0.902333992082353
"13304199349",2.19278864767136,0.297312470847761,0.921805150261859
"13304199690",0.254045688440607,0.246567713735828,0.320414539740889
"13304201397",2.08279545815459,2.48800815576705,1.87342427052172
"13304201551",0.444120284036899,0.958629591585324,0.403815788301197
"13304203030",1.46164585071872,2.3457372452009,2.93352966326354
"13304203376",0.593846364276665,0.507236183383423,0.496731230175341
"13304206001",1.48525883521884,0.346880098775912,0.478761576733443
"13304206689",0.304701215068067,0.248486594347421,0.403733670483884
"13304208527",1.65618642160804,2.32419970517551,1.49037553468714
"13304209534",1.19352287739885,4.39147014268212,3.27518626385726
"13304210228",0.381758659825886,0.795510743688221,0.647026592230669
"13304210503",0.50529463445048,0.953461404689189,0.701904151396028
"13304212216",2.19672557059134,2.24287577596332,2.5572651421927
"13304212342",1.139448116217,2.56774984176379,2.29430575829762
"13304212960",4.27128006776658,NA,NA
"13304213822",0.644321161224256,1.58983086237273,1.23393579495444
"13304215237",2.5095574700038,3.16878273320907,3.94738092061545
"13304215490",0.45657743955477,0.0527675074483736,0.090044130256346
"13304216240",0.985071006920557,0.178545037550221,0.245699034252964
"13304217072",1.16175394771627,0.919085196054247,0.90285916231265
"13304217617",0.195456906155941,0.650111575545121,0.385192648929206
"13304217799",1.23949076970647,1.73731435407987,1.24107334450858
"13304219186",0.142088220054343,0.0418475637495015,0.379943021308276
"13304220129",0.862433256914075,1.75444796213651,0.628288347849278
"13304220719",0.797474868928608,0.49101716976164,0.339968322336729
"13304220838",0.867055448027242,0.314472436154985,0.237922471730468
"13304223651",0.922724062584665,0.217564826669372,0.354249149317016
"13304223780",0.241768721825253,0.327159591073109,0.286462072393169
"13304224220",4.27133432097432,2.54942484523698,2.27205658009882
"13304224831",0.404808197499628,0.376591067824246,0.634962672543481
"13304226426",0.366968699473275,0.1759250381388,0.412635926914227
"13304226814",0.476578520418527,0.372611714213959,0.404375984079129
"13304227152",1.28700203927801,0.968079077229279,0.800443754788629
"13304227261",0.374288771915962,0.428793859941947,0.739857434548109
"13304228006",1.08527303571033,1.49687028819014,0.89262357918503
"13304228913",0.142088220054343,0.0256730966543644,0.0504318751944745
"13304229862",0.28102944840867,0.150629887255592,0.234259932755908
"13304230370",0.997792906696596,1.57210889937993,1.07992790186697
"13304231018",0.285537325264385,0.441842437101233,0.546317504556459
"13304231389",0.666167140749764,0.68704488331523,1.08600380499057
"13304231726",0.740280614882788,1.40213135750443,1.22895182244296
"13304233060",0.267527353862002,0.308283895410299,0.582885631309702
"13304235187",1.62798862588328,1.18166710062291,1.46352427377562
"13304235209",1.03616495439956,0.654502489061482,0.953424988276927
"13304237154",0.311912650415943,0.526634252377683,0.440549650108793
"13304238476",2.42787511370636,2.53980634296736,2.25791716073144
"13304238920",0.912893560041989,0.791061574588856,0.660536694361292
"13304240345",0.410378460783066,0.445050695203938,0.673305140217986
"13304241758",0.378360270331736,0.541676812518964,0.497722899990157
"13304246157",4.27057123091103,6.10615434326413,2.43878537304244
"13304248890",0.565781202128214,0.353862263286058,0.27627885280508
"13304250603",1.95537604521518,6.01778639359299,2.836719342899
"13304250769",0.185964486098119,0.344956120588819,0.486548423743007
"13304250825",0.281359915320646,0.298844188996774,0.366614258444873
"13304251413",0.836714290602047,0.324523551485701,0.494171310185119
"13304252727",1.71337684738928,1.91915067247325,1.94276229466379
"13304253421",1.04199742566348,1.04012153162993,0.773859597115133
"13304256388",0.452940060970733,0.257711371025431,0.259907483254605
"13304257452",0.320029082166232,0.356744250170164,0.565209496450122
"13304258109",1.77368092513361,4.62680822745481,1.88229117697672
"13304258778",1.36392077411306,1.13372445206014,1.18843094257966
"13304259583",0.927816895429837,5.84345928906394,1.27888150276276
"13304260090",5.99920430961955,NA,NA
"13304262209",0.312579518835911,0.476707623941115,0.514194871067757
"13304262741",0.845284914154502,1.29420993060202,1.6221082858782
"13304263758",0.302960626875613,0.181914554627953,0.322509871915148
"13304263888",1.12468980182108,0.876327467122475,0.914421838483707
"13304264866",0.939620590100439,0.368133461619915,0.637024075565317
"13304265182",0.590027732096971,0.73572553887464,0.891088564474242
"13304266141",0.652435946976802,0.372955504042053,1.02837420881717
"13304266227",0.658888930845505,0.773148672135802,0.902132306191359
"13304266498",0.514292405153029,0.352145750059812,0.5131863195266
"13304267579",0.515815523263473,0.812607942790739,0.757930632757306
"13304267919",0.523052599752772,0.151485079213877,0.408500974765027
"13304267945",0.448113094373456,2.3452224184958,2.27899526125311
"13304269381",0.312440796160739,0.741602214134847,0.646942337938049
"13304269834",0.537294030330618,0.96709933798559,0.961037468418372
"13304269907",2.21697321632361,3.13720463562874,2.2843094865174
"13304272424",0.268862704175567,0.18348289435698,0.20745761355268
"13304273528",1.60726863779302,0.696923347015846,1.32615208561327
"13304274031",0.60240263621482,0.67924337091886,0.946711478336918
"13304277188",0.416333767418185,0.379023831998505,0.641266450488134
"13304280074",0.558937874795656,0.7214478091216,0.924334216051705
"13304286876",1.80916192331988,1.23199954599884,2.31178648854337
"13304287031",0.787018824063886,0.624481727247585,0.539446195537001
"13304288080",0.609336653571675,0.390605939913533,0.296436246671308
"13304289355",1.55447220944184,1.19109081578952,0.970344220887467
"13304291920",0.573246452826968,0.282421980177476,0.506817095901791
"13304292055",0.886130048878722,1.77133233121352,1.786494122768
"13304293584",0.357798863873271,0.491262483842999,0.29910437705132
"13304294098",4.63589220459212,NA,NA
"13304297129",0.202293160331826,0.627276980907032,0.832772266138596
"13304297331",1.2359731626935,1.60871032771848,2.42861309441018
"13304297948",0.807748960643526,1.09678412237118,0.925097288095603
"13304298453",0.325966499934846,1.16252794340659,0.524032522012942
"13304299211",0.305511558270669,0.45257601775473,0.531682494864757
"13304301715",1.90111443617762,1.08152964437563,1.72933457240853
"13304302342",1.13080823222274,2.99333027128434,2.32212741620956
"13304302509",3.99863307915306,3.75817614413524,3.90536475871433
"13304303278",1.04855532430783,5.44737737090881,2.18542102716343
"13304303816",2.40807034444623,2.44141338919895,1.4810235272772
"13304305985",0.333265052231546,0.11484258944624,0.118763213832829
"13304307049",0.59200171498538,0.430051454275797,1.32120238100035
"13304308601",1.37681180541479,0.462268372421948,0.682955550060822
"13304308606",0.22053903766043,0.440925650038118,0.567851818025702
"13304309054",0.691619478758459,0.332029819121338,0.428135644149149
"13304309756",1.09016346353405,0.691373849556281,0.798829269085283
"13304310095",0.862424110341805,0.405617663779626,0.927147489186585
"13304312318",1.14357705390098,1.18177532047697,1.18242511693092
"13304312483",0.58324033039687,1.10380343496776,1.28183567785203
"13304314507",0.879763490717283,2.04195116835521,1.32564280660801
"13304314750",1.24090190187441,2.58209195972474,2.10812298931319
"13304316472",0.835630734310246,0.7350875895591,0.375355104851881
"13304317504",0.247118959541403,0.273269577509593,0.410520014127035
"13304320617",2.7739332967819,1.30267772845083,3.62582860192466
"13304320688",0.933837734617987,1.55554221297695,1.17161319332646
"13304321321",0.59200171498538,0.804151747783558,1.89151221395026
"13304324649",0.480718960908485,1.22211126473282,1.2559106908592
"13304325094",0.655053818173736,0.739080698095168,0.572466825390264
"13304325834",0.599305926749797,0.56633883856917,0.673899758905357
"13304327065",0.755412808671931,1.0547784100834,0.822378827881825
"13304330619",0.518745498391794,0.102118979515888,0.307750030243655
"13304333031",1.24041810133431,0.604242641194383,0.505715126163791
"13304337174",1.50542886275344,0.728131032795096,0.694922365269454
"13304338675",0.205865815721352,0.372139307969954,0.281212021070619
"13304341681",0.552162092194569,0.397066987395778,0.998471269707378
"13304345544",0.930296167888331,1.6743188357732,1.67311644230742
"13304348844",1.28493088070588,1.95811051473237,1.56753749140479
"13304349711",1.09493356923854,1.99168306010406,1.5572146411632
"13304351596",1.96033328915001,2.56774984176379,2.41852904525414
"13304352843",0.866543203858315,4.76983658571843,2.05367798991701
"13304352908",0.679689059876499,0.188281644011415,1.08165253269591
"13304353861",1.12549946871624,1.31781259795451,1.32058121754193
"13304355804",3.40320353584693,2.80612134912859,2.50095509233764
"13304357252",0.664751003674479,0.553954306256696,0.624123722336421
"13304358502",1.15666806181441,0.827526006677962,0.938516730382328
"13304359605",0.257178588492226,0.317097519018028,0.361184040485668
"13304361231",0.515129756843499,0.437389359013752,0.534325241785933
"13304364032",1.30784812945412,2.16875092024706,2.81495309383509
"13304368094",1.10326015954214,1.31230593671733,1.00861177264927
"13304368143",1.21999906614023,2.29013737340503,2.09312749258746
"13304371398",0.244064079272857,0.302533869845329,0.176177001499993
"13304375526",0.314759655086744,1.46513881150447,0.976323283821279
"13304375774",0.225538470448461,0.316335897592013,0.42888885417756
"13304375827",2.67929563973144,1.72482312634606,1.51712059455254
"13304377212",0.507320487562781,0.402979265787708,0.625844523278396
"13304377412",0.289615381682892,0.0933694741337397,0.198386207011849
"13304377766",0.63546155891189,0.80427405950457,0.863904436567295
"13304378832",0.903566150634447,0.861720991362365,0.815744616365426
"13304378941",1.27914454469223,0.779778281378878,0.735378208140257
"13304379386",0.346346333848902,0.127159715792604,0.355795985977054
"13304380796",1.96587392783301,0.872365431785593,0.824862322242236
"13304382673",2.3992074548902,4.06702715068456,2.58946530703173
"13304382768",0.395604072851261,0.656428124647602,0.543110629966089
"13304384313",0.312426178112774,0.443302645129993,0.434532818673911
"13304384549",0.393291363674701,0.433869664745564,0.739526040812977
"13304384552",0.685718088956767,1.74696821666002,1.088068713409
"13304384919",0.330479279755334,0.570107982410598,0.757482341752505
"13304385634",0.525816374358411,0.314714839793851,0.482539505537251
"13304386305",1.72469029470902,1.34345396315424,1.45295980758365
"13304389730",2.93571621337331,2.27239071647795,1.87098066162041
"13304395142",1.45945891690175,1.76686067123762,1.48592908689107
"13304395572",2.34252884461544,2.03032976282007,1.46387612522431
"13304401549",0.222969328980233,0.23196629827301,0.746660901797414
"13304406447",2.45862573948817,2.66022915047534,2.57903013317993
"13304408431",0.174822059617407,0.166954218619104,0.159717879761759
"13304416406",3.36757173833081,2.47194513584543,2.53610869684743
"13304420148",0.676536743257699,1.63875775415548,0.886295351952468
"13304425800",0.333056408891303,1.22804755137316,1.24293451186003
"13304426159",2.93435026632744,2.78343596896887,2.72529115561416
"13304426711",0.319808752766642,2.68824298004189,1.40817030598099
"13304428340",1.92119721307813,0.662432459650415,0.455470710632889
"13304429765",0.212368155959415,0.236641295727366,0.139639814049045
"13304434717",0.383508736508703,0.630656584888655,0.544557634821796
"13304446497",0.947670025193352,1.43059139889077,1.29978193778498
"13304447286",0.255196818796693,0.324336853374634,0.38381506975232
"13304453027",0.421567101066413,0.134305819858898,0.364323575563398
"13304453573",0.328080829696849,0.2948467535648,0.432945515521944
"13304470895",0.396610623439958,0.611089082576281,1.14266294884322
"13304471003",0.330572830898496,0.386537902048615,0.587014479021705
"13304472826",0.847425871507007,1.99170505336198,2.53891103787796
"13304476324",1.01625794415659,0.895290473029776,1.16094155884296
"13304477696",0.434320442401189,1.48358701409013,1.78164760597784
"13304478124",0.520717441676596,0.409213528921816,0.59459564276383
"13304479070",0.778563266548299,1.11348314132584,1.12758242550253
"13304481887",0.765135528115273,1.94269035924276,0.647814479993741
"13304483674",2.17023776243587,0.984909328364017,1.11164832449218
"13304486194",0.92988673242331,0.425235513967901,0.790719419298106
"13304493425",0.422942307462406,0.246079958832215,0.149012885366075
"13304501955",0.407509763928607,0.723871243642318,1.28353475975101
"13304501967",0.633409041882375,0.93118381972398,1.03035839809399
"13304505678",0.383163320086946,0.625833093864563,0.990805939329777
"13304506177",2.43474386673341,0.497925723283988,0.500547753060637
"13304512467",0.722975604793823,0.243462842402258,0.362559849346236
"13304512831",3.86394457926442,3.49352336034962,3.48555797022197
"13304514680",0.965205351683407,0.615649718643799,0.82860966989172
"13304517225",0.372445434756722,0.52008510080851,0.615515786446284
"13304519252",1.21302619782569,0.82365867351302,1.02293113587802
"13304522206",0.609741016193314,0.79014603865446,0.758838151222344
"13304524451",1.5002913580855,3.62149741365226,4.54996296712753
"13304531441",0.23177828897521,0.15540808580366,0.287885353131412
"13304533753",4.87171210705193,6.09536833499188,2.11633956900468
"13304538303",1.09345750308851,0.819661066296536,1.22895686243693
"13304538370",1.99990893507578,1.43219614057714,1.50027478018675
"13304539305",1.64183729321143,2.30693616485539,1.80679410479356
"13304543848",0.708410060096285,0.43663118558497,0.597255457747914
"13304548367",0.413842192186749,0.47019467182003,0.45431723303105
"13304552859",2.54690630064137,0.572914615825005,0.611414247935591
"13304560904",2.06660045088817,1.94003635253816,2.3875314207258
"13304565386",2.2479398138893,3.7412548059416,4.33874049879695
"13304570829",0.249834763728297,0.193818259399001,0.456504170525941
"13304574322",0.356364536523143,0.518451358174403,0.538525781597721
"13304575040",1.90129399913716,0.95157040976167,0.810091229557319
"13304575458",0.597389329464676,0.500422310257232,0.598381317773356
"13304579466",0.454374564084198,0.651031261832157,0.524525781435048
"13304586335",1.51308465093441,2.44062348414591,3.54617875159808
"13304589446",0.406100361037558,0.54349290505567,0.855138867703906
"13304590713",0.114473324325986,2.4032412023309,0.79047978319377
"13304604017",1.78603215634639,1.13888722498721,0.916833778534064
"13304609558",0.127484485843335,0.225771155527508,0.258202983241738
"13304610555",4.61423139143944,NA,NA
"13304610904",0.628347920684304,0.688436194528722,0.25922452124189
"13304617240",0.244101341402688,0.117433975401875,0.440379135514142
"13304621873",0.449915957872528,0.121292465092503,0.398463796525618
"13304622240",1.23386497097145,0.898275314877976,0.853510105326797
"13304624955",0.808719146280923,0.670315572434924,1.6208670162354
"13304636984",0.165246230671545,0.162768999361431,0.375831915696705
"13304645829",0.476513435332659,0.689142094796542,0.738110005117507
"13304649251",0.349891968834011,1.46071788165596,1.48103680451756
"13304653280",0.622207892982363,1.04713779092553,0.819520972560651
"13304658707",1.01534341312373,0.986939339937184,0.395696121091573
"13304670018",1.39025188010314,1.10530077741518,0.537646815532115
"13304695161",1.87401351011429,1.20763874852498,3.29352284913635
"13304704863",3.22183236864494,1.99222248913142,2.26447782556245
"13304734072",0.605209496970657,0.625992221822676,0.789395603964466
"13304754152",0.57220285248392,1.01132472091612,0.867304763839781
"13304759118",1.88847840706859,2.78343596896887,2.72529115561416
"13304759843",0.453012480449442,0.3671620565105,0.462170329248103
"13304761521",0.846214712674991,1.63833891261278,0.905345136295622
"13304763902",0.315001635698982,1.1403191519742,0.995543211312112
"13304769335",2.30367813616974,0.521397565996661,0.800812913184283
"13304771874",0.740186194188367,1.38801261080436,0.883115729819058
"13304778960",0.232396544902223,0.28021617956462,0.428314086363569
"13304779347",2.811668940805,2.70569068620307,2.39817130873989
"13304791350",0.40629540789124,0.526466439323681,1.14487434109114
"13304796558",1.03347919983156,1.05076031068218,0.966028050565408
"13304800997",0.808681976919834,0.501694864036743,0.259579092015378
"13304804686",2.58430206369734,3.47693013729678,1.50004421407489
"13304812479",1.10738426329435,0.658470916570999,0.550740179713934
"13304815972",1.96229210055649,2.31815074643393,1.66390563466765
"13304827711",1.00217815747278,1.00177452732896,0.79920616643781
"13304828914",0.194687274769062,0.554668413977754,0.347097782420199
"13304831911",4.59248719682808,4.745514334441,5.37007543975118
"13304833273",0.493080177291459,0.0765580533965424,0.102366632515497
"13304834210",2.92284335514666,1.79357187142315,4.34495994685107
"13304840339",0.664834637533865,1.07736953393041,0.817750084221255
"13304851235",0.591271576809102,1.0099946698926,0.660763442661242
"13304859737",1.45686936703605,1.0251461610294,1.26236051561172
"13304862283",0.799328260171496,0.988032960946748,1.11061636408404
"13304862930",1.61481240120874,1.64687121671244,1.61501428573965
"13304865146",0.981955399166588,0.736443812060694,0.519303487958938
"13304866234",0.624117682079008,0.613550611272678,0.686332461652371
"13304867527",1.09997971878927,0.100094228831954,0.494381832887554
"13304869338",1.02844844805824,0.812361313127037,0.567963011943909
"13304870044",2.2479398138893,3.7412548059416,4.95795032705738
"13304872131",0.212539272593588,0.324632500412437,0.464096589844921
"13304872843",0.114473324325986,0.289958433656601,0.279738436427192
"13304877185",0.262031708258678,0.316578492839723,0.36476727310759
"13304878642",1.20415746594941,1.59306184614511,1.32363608892734
"13304883793",1.20077112926367,1.79980045020268,1.15239332915496
"13304885110",1.30853884241367,1.38975892670392,2.33877521753069
"13304890106",0.174094202964863,0.578296442338937,0.504628873905143
"13304894275",1.32739032223557,0.431330125874825,1.1869567819593
"13304899135",0.309614751085043,0.473574647739157,0.891834840790936
"13304899427",3.27800288117236,2.13945961660549,1.85768313615775
"13304901304",2.41448189137043,1.87449151695923,1.1873957284792
"13304904782",1.87011468957291,1.3169807230918,2.0796338215608
"13304911068",1.5002913580855,0.740735244953422,1.12427809633415
"13304911422",0.423344776958387,0.821116396827757,0.709376206750878
"13304914837",0.873587599318174,1.15208483568844,1.22746013319554
"13304916251",0.143843461688759,0.147236355446689,0.275294504242421
"13304919256",0.441757862362811,0.113769334553307,0.0997195388051615
"13304922363",0.246416114794015,0.395499921703081,0.72244225664637
"13304925536",0.200720589500969,0.391426885770208,0.442502372203431
"13304932207",0.834725425521518,0.34706451379033,0.571450204226848
"13304933151",2.37967863403967,1.9321533739324,3.42623057681882
"13304936990",2.08733539012719,1.72046510243217,0.791442756024509
"13304938044",0.756393554607649,1.03008057046056,0.790688079970008
"13304940014",0.194529191749424,0.443043190183352,0.500340832278557
"13304940542",1.59659832065491,5.67052402335321,2.26649438231374
"13304941356",2.67111885498806,2.10108911507004,2.71828945457465
"13304941581",4.87171210705193,2.48530433200657,1.55602076622025
"13304941946",0.243130852130223,0.212526031618242,0.217601423223288
"13304943499",0.787651272679188,0.864023910752846,1.08217062539229
"13304944046",0.289180855839583,0.385785386467366,0.320652413810286
"13304945125",0.443443925460338,0.298441691723872,0.402843553572132
"13304946314",2.46687955008375,1.93712283166689,2.37889778008926
"13304947295",0.8463771216238,0.434939222632284,0.894999331242575
"13304950150",0.817577199347379,0.483059737310221,0.931805901599566
"13304953494",0.206781265040115,0.248623445165402,0.582115342344942
"13304953536",0.172783275290305,0.11958992937741,0.397747134296664
"13304954514",2.60733937404196,2.53042271234565,3.45885797059016
"13304963392",1.56246960888743,3.19103639659667,1.65714198912191
"13304964843",0.246416114794015,0.377621171233579,0.524502239625287
"13304965680",1.26813943923443,0.90818900232903,0.929522565346702
"13304967805",0.627439998428088,1.56310070457536,0.922832506171356
"13304970407",0.650373035889884,1.29307140554913,0.525461959796778
"13304972308",0.228335834511756,0.351265975847943,0.598157167452112
"13304978043",0.357048508453822,0.440925650038118,0.527823278086751
"13304983688",0.209844235579767,0.345641203283764,0.417027328018741
"13304984620",1.97463797574272,0.674040042426824,0.699462754874663
"13304988470",1.73312788288518,2.43897092259826,2.61086091554972
"13304992422",0.736287625565234,3.02277872254976,1.18527500006723
"13304999025",0.589911607781466,0.779429398915791,1.12642883413903
"13305001614",0.515781270684476,0.663707380294149,0.499844413154075
"13305006579",0.389798820574162,0.434073063936165,0.334916248667957
"13305007403",2.60702420615044,1.41899566124793,1.21915924322229
"13305008283",0.536213434090422,0.729134268564797,0.971011513697056
"13305009163",0.470500777318001,1.01234970381678,1.30824573076208
"13305011689",1.37829366021441,0.936731180171493,0.698045819643424
"13305014908",0.288443468752382,0.298865039733689,0.734274665728613
"13305017084",0.351502578234426,0.400501858092797,0.406386979004704
"13305020947",0.289180855839583,0.0698404222374598,0.263662092847542
"13305021452",1.87401351011429,0.0544576005381611,0.516468220558273
"13305021727",0.478187714131851,0.463399793856794,0.402364314980307
"13305023480",1.9820559461477,1.28469837088978,4.16644246689593
"13305025747",0.588551043733432,0.417833589846133,0.447292020204627
"13305030415",1.07857333772522,0.986311405254911,0.740639461191172
"13305030889",1.02006273242535,0.23118522874117,0.0945482489694405
"13305035237",0.734247751296267,0.425718106748664,0.534779407122063
"13305035532",0.234830429045578,0.31448059540966,0.629162711531708
"13305036790",0.585422423340607,0.898181496293293,1.36868516818133
"13305036957",0.397868653911668,0.686705381299892,0.422518061608525
"13305040514",0.542961608445864,1.86080784619225,0.647139440287314
"13305040580",2.65372670612932,3.0261349053195,2.0649893285885
"13305040976",1.35421042709288,1.93399446265011,2.14133636662225
"13305041886",0.500209424176498,0.876533949245777,0.747329020048047
"13305045827",0.579635962230632,0.36981289165385,0.706517525447617
"13305046348",0.293055267798846,0.182888775607088,0.307923764707067
"13305050075",2.04822513544972,0.61674422444433,0.459880914698329
"13305052092",4.50179202007631,3.20597940911052,2.57176237599281
"13305052998",1.11229534034356,3.80093926362319,1.59815390958464
"13305056935",0.599744018744766,0.467243661385775,0.902980981326608
"13305060860",2.23597042757237,4.78077279981017,3.01495698092496
"13305062180",0.320528164963975,0.653426876775754,1.26291830902112
"13305063827",1.25464504801182,1.42869857608044,1.61863684769868
"13305064220",4.87171210705193,3.70616545463652,1.51554861736894
"13305064541",0.69785232796794,0.421163079395166,0.667755697805462
"13305067324",1.75645399708168,2.28366224046805,3.13584705235179
"13305068052",0.57738566889617,0.436145911842613,0.641014526447333
"13305071418",0.66549899751843,1.03522635807058,0.954362263436508
"13305075222",3.9066571848083,4.39147014268212,3.11613841089403
"13305076959",1.19650603074848,2.39293272028914,1.29856375023989
"13305078091",0.781274599916204,0.557043027818536,0.443568916133946
"13305078584",0.867415246166314,0.310810111590399,0.313931915868346
"13305078943",0.633409041882375,0.722845413242723,0.891655729461303
"13305079255",0.202700403867901,0.766603563825576,0.732472014404494
"13305080538",0.246872329335779,0.435539598888136,0.577662687874862
"13305081480",0.250286800288739,0.354042310229294,0.256817119074177
"13305083010",0.662184582422461,1.26050220930139,1.48462994621674
"13305085922",0.984616578210544,1.82411782584893,1.80089914367147
"13305086664",4.43121214538065,1.35641114405875,1.73268582742668
"13305087804",1.07533180729594,0.698361912116702,0.546713613130481
"13305087946",0.501372783417272,0.829963680856128,1.18128138294808
"13305088613",2.52648458269817,1.90687382012309,2.10151073483426
"13305089276",1.5118267487472,0.823788078009283,1.63857958044263
"13305089670",0.494002729697692,0.841833294085913,0.260553117803336
"13305090156",0.181178529533669,0.237114544637911,0.236628828252505
"13305092127",0.209932558951948,0.337275885140444,0.52225029731789
"13305092170",2.23718433890252,1.65286962430501,1.76894289584995
"13305095015",4.13466108205611,3.341643663154,3.58167046639645
"13305095227",0.551239075761968,1.15423256279851,0.843670043919737
"13305095966",0.64030362153424,0.653090799823792,0.730833619527966
"13305096086",0.360833897360768,0.420967605710785,0.604191104277126
"13305100364",2.62962535641807,NA,NA
"13305100998",0.151399135235042,0.541401145852208,0.415842552479228
"13305102657",0.388835949881717,0.268035856745746,0.620153487221556
"13305108342",1.46105571448682,1.69142637643672,1.59042939329157
"13305116167",1.78603215634639,0.769937950942259,0.656517504451714
"13305117998",1.29871426636937,1.62156662639143,0.920336916824849
"13305119525",0.246932453448572,0.233642647187171,0.471129217476463
"13305119881",0.238616079795255,0.421912298728145,0.558236343181469
"13305119962",0.735286298571896,0.732161607087531,0.887769591665767
"13305119981",0.285690645732477,0.058171155283789,0.227369366683002
"13305120335",0.511636395865246,0.442108411926864,0.416828220531664
"13305122171",0.743711591716597,1.39951331169228,1.14176681694943
"13305123679",0.673599088714848,0.538959064075963,0.689015565675044
"13305125602",0.301420509683688,0.606509059459417,0.715351449393843
"13305126980",0.156815817360941,0.1759250381388,0.776126191021838
"13305130869",0.45556809534299,0.385900700842804,0.701717742252252
"13305130999",0.487089503798851,0.304482962422368,0.654938396130102
"13305131044",0.244101341402688,0.425245174713841,0.71018264184179
"13305131172",0.1603876341528,0.372483734453999,0.252738352726959
"13305135014",0.843966127853656,0.888471022426035,0.745009527306572
"13305135466",2.85982539860553,4.09756101174537,5.31118680684136
"13305136274",0.315001635698982,1.1403191519742,0.995543211312112
"13305141702",1.04269140626043,1.0675085446431,2.43046015610119
"13305141904",0.811779669184325,0.517974864364745,0.338127744807155
"13305141917",0.853209962617588,0.757425923220806,0.579549935429078
"13305143032",1.40873223454644,1.52850117536637,2.43879712159171
"13305143541",0.422228684719798,0.294380149788468,0.447697386324259
"13305144222",0.664551495533154,0.652396523259668,0.349307701494923
"13305146815",0.295892345050945,0.575542674471007,0.64832645230513
"13305148786",0.119774801099409,0.238703358416171,0.245673564816259
"13305148927",0.671267396122653,0.861514594881058,0.673457471405087
"13305149108",7.27521175942509,NA,NA
"13305149567",1.84930755506811,0.782110898094874,1.10269080404265
"13305149660",0.999385669414177,0.14987707224494,0.505653149103016
"13305149813",0.3340051455402,0.417832213699268,0.341885294778624
"13305149894",1.81058075401172,0.820069396521908,0.74643615431002
"13305150086",0.320631233929357,0.879868733381028,0.435143824040444
"13305151889",4.35068150294528,3.49285434004467,1.98163974950256
"13305152068",1.11677768757955,0.368516928861098,0.538106542658296
"13305152856",0.590217751074329,0.190086980062114,0.20039471358059
"13305153809",0.33654773010995,0.245774507062611,0.603985668072918
"13305155539",0.43526690506592,0.62849268377904,0.787004935561321
"13305156500",0.221185281732106,0.201245491019984,0.585993308477303
"13305156596",0.961062051997439,0.594564956002604,0.615086984742293
"13305157361",0.321225399465092,0.273606197209185,0.458211995169804
"13305158218",0.281911367246766,0.142979531150426,0.326224152786375
"13305158312",0.537635869498567,1.09308299513699,1.27654911741949
"13305158400",0.790136126586911,1.48468921847437,0.674217835323789
"13305159446",1.32539842068599,1.09443807087861,1.1000703184909
"13305161095",0.292348591450996,0.948358900918038,0.876949176647496
"13305161891",1.02882863548805,0.497842538915947,0.851468326503287
"13305161948",1.81806461867357,0.479909230087947,0.509478476443296
"13305164069",0.787651272679188,0.55222767828596,0.512801810150857
"13305164740",0.284001549655691,0.451290131336033,0.931436628493907
"13305165986",1.02736199731496,2.04370205163259,1.40546078359093
"13305167813",4.87171210705193,2.5140986084273,2.03016091008715
"13305168359",0.265417368995265,0.306574459892442,0.538115932776853
"13305168430",0.190825785079358,0.196179706341853,0.223254777091026
"13305168631",0.241882311419113,0.525335446538484,0.508319749778213
"13305169516",0.39363717224106,0.484604515661153,0.53328961378456
"13305170373",0.347954182685473,0.471693348585218,0.314821689913335
"13305170648",0.583021768073275,0.449095617980814,0.852109800679333
"13305170780",0.24545367744788,0.411695895823906,0.437028532685644
"13305172450",3.51152434469613,3.58464219932968,4.12984252342295
"13305174991",0.445597440316167,0.87498057610855,0.53106932235382
"13305175511",0.164971259970591,0.138444667283729,0.577239727631015
"13305176009",1.5984299670763,2.41520899926126,2.10276810877659
"13305176807",0.432272524686198,0.629884111164768,0.608103185092569
"13305177848",0.659444096584583,0.317603101736174,0.552062151110911
"13305180900",0.330470531512821,0.359927138532075,0.844269230112645
"13305181706",0.819768224570236,0.409547100976394,0.471286623187364
"13305182733",1.218992716201,0.987116091210635,1.29231822851781
"13305183402",1.30683357578068,1.66068241226761,1.85492217235339
"13305185625",0.294415338326431,0.433605689457501,0.53383827330857
"13305186049",0.349762730511411,0.862774701956354,1.05390998643973
"13305187452",0.154871157117764,0.283461453917427,0.512940005402736
"13305188384",0.451604138613212,0.157682733172419,0.353811954250003
"13305188581",0.386637045147459,1.39973263808434,0.949944805392054
"13305191763",4.85205719702778,2.19040551040947,1.20035589396015
"13305192726",0.169754614429955,0.5278122903435,0.429701877108935
"13305193296",1.89658515384528,1.29619471132715,1.61836607304081
"13305194092",1.5655326349147,1.04067063046612,1.43489518590886
"13305194548",0.908571127513153,0.515485067452527,0.724081707952952
"13305195179",1.59036252213366,0.546773457090429,0.51177743170579
"13305195286",3.07009769491522,0.713339163891083,1.5361294319359
"13305197712",0.114473324325986,0.110823311728583,0.281528734340149
"13305198924",0.66711557461545,1.20136866214378,0.780327939657983
"13305199691",0.667294629476277,1.08643595245746,0.79994873897739
"13305200949",2.16090202623418,2.20700150757428,1.63459961768952
"13305201190",0.986737625841734,0.135814341140014,0.280100407926201
"13305201464",0.364900768363047,0.629452979631448,0.877800891867288
"13305202450",0.29487144738552,0.771790539080115,0.861038112542404
"13305205753",0.78775879590581,1.16194947205466,0.911102722253615
"13305206100",0.284841569389438,0.821477469021279,0.403542227182754
"13305206102",1.91619644858251,1.54100695485604,1.5512296797759
"13305206283",0.565121087238975,0.624528148032447,1.77098266123781
"13305207203",0.584367533821058,1.03095761266619,0.257675917828686
"13305207447",0.261779926046677,0.412190769054815,0.556467414045119
"13305207755",0.706402649784946,1.9842852080418,0.785485931576979
"13305208577",0.474132785336939,0.333073668991773,0.243805817503403
"13305212055",0.503654848630238,0.911139242496412,1.32267390035347
"13305212804",0.552095267149944,0.512109254149425,1.04226289045609
"13305214288",0.614596319511901,0.60046164632465,1.54590891986128
"13305214989",1.47931898790501,1.075306163591,0.973383312229713
"13305215115",1.99429529647359,0.412144986364373,0.939290358590092
"13305215363",0.208367796702234,0.451569352410777,0.210097317475107
"13305215722",0.347465343852337,0.430449765528255,0.622891887464059
"13305215845",0.70039850338885,0.805815144885966,0.583857886801391
"13305215915",0.983715280442269,0.985843708449767,0.760623915290949
"13305215983",0.118951519507538,0.275612954965831,0.358632870225331
"13305216093",0.831857527496094,1.26728906150491,1.12901157933423
"13305219572",0.268075231279635,0.835989313722923,0.450288353528588
"13305220849",0.89475355861632,0.731145977909546,1.27226505995726
"13305221344",0.532132534567413,0.87678676491272,1.01463336287087
"13305221659",1.19394254508124,1.80939150048094,1.27676529308754
"13305224790",0.579635962230632,0.449937451720213,0.670635512106614
"13305225160",0.270062494058482,0.455569831166969,0.41187907993209
"13305229776",0.429277715148376,0.649315309369983,0.646147174096745
"13305230616",0.417599215537131,0.600633302423638,0.640879112052462
"13305233174",0.418029305730489,0.870367447765953,0.78117360844332
"13305233662",1.26036874549782,1.39457395345415,1.12365101987478
"13305234122",0.66711557461545,1.02561240075274,0.824205344024753
"13305234902",0.50162737297675,0.320127131055539,0.432258902524296
"13305235028",0.517993682578101,0.15829730653954,0.339471550011895
"13305236750",0.129632157349237,0.259450893119849,0.517310490237146
"13305237509",0.295660073429639,0.232527606755888,0.526240588407657
"13305237573",2.63070971176821,1.45944645788833,1.32662624810696
"13305237693",0.19618086050026,1.06808981364188,0.411120377627922
"13305241069",0.385028229509921,0.750578648062484,0.352957128580317
"13305243364",0.353444950951212,0.367745717702268,0.733420809879786
"13305243695",1.81430609956794,0.668635616590662,0.894585413117086
"13305244184",0.198127265776935,0.29453678315899,0.265295617379436
"13305244967",0.814177734098497,1.17610284749274,2.0508496056631
"13305247646",0.530205418785361,0.630937417826781,0.367064129672094
"13305248142",1.79729423287789,4.94559007922678,3.90703179647265
"13305249252",1.13269726350697,1.32170556111517,0.975846195821276
"13305249671",0.639158585573605,1.23475591127138,1.17076401359478
"13305250039",0.255196818796693,0.478059711045237,0.6055354929075
"13305250901",1.20692998210858,1.21080703721547,1.59401098244105
"13305252375",0.114473324325986,0.430915147393794,0.142836874738404
"13305253607",0.433539229214773,0.130562342889781,0.489589952713878
"13305254304",1.68571346546932,3.03956531776112,2.11124500607238
"13305255960",0.280567746487087,0.375469319666512,0.397252616394077
"13305256025",0.738954605185628,0.919985267770833,0.845109179526329
"13305256868",0.357738401030972,0.452668741221697,0.537571334831888
"13305258003",0.376144414751218,0.276616729430158,0.461585127495916
"13305258898",0.408908834181196,0.414000595175318,1.15723796297382
"13305262852",0.909529312751502,1.1191881042568,1.98372019876861
"13305263148",0.838574229568634,1.03991096972337,1.24728879470936
"13305263158",1.90702188703532,2.52953823080162,2.66650999118733
"13305263942",2.5981652062754,1.45033053981464,1.48051584116429
"13305264769",0.11856249253262,0.109279631162267,0.319197065562886
"13305264796",1.45583739602415,0.621289549669196,0.40848923831403
"13305266731",0.624117682079008,0.613550611272678,0.686332461652371
"13305267221",2.54208797168839,1.21140691039081,0.907582693215895
"13305269114",0.238183117100267,0.312000434335114,0.360806207064226
"13305272640",2.23620623912635,2.68995134569972,1.90997289756413
"13305274287",0.392134625845048,0.635764516478269,0.575381607971074
"13305275885",0.967076287626734,1.97365559787975,1.00175996005876
"13305276259",0.47077367367779,0.661589778808771,0.698085558876043
"13305277750",0.310202211903397,0.453006342009874,0.502122842622615
"13305278559",0.331061646549986,1.22852094508034,1.68942878562882
"13305279629",0.267547506443419,0.248043970170527,0.224827171903849
"13305279732",0.7157770005641,0.436946120511714,0.629972858613833
"13305280241",0.263002065296484,0.19998397368473,0.0947681827483394
"13305281522",1.14869829339911,1.15961617456616,1.14538443864922
"13305282351",0.336332991620696,0.913827986141517,0.555485784901085
"13305285913",0.571334150264398,1.93693254212189,3.69124918231322
"13305286814",0.392698645982068,0.570185971642231,0.544134680809537
"13305287070",0.90519460582995,1.42080631246649,1.36563267483075
"13305290060",0.938716100279159,2.10167341477185,1.0026689050276
"13305291752",1.45592742332649,1.15178719486728,0.608608003911446
"13305298844",0.29487144738552,0.771790539080115,0.861038112542404
"13305300948",0.761208131819678,0.428702238647737,0.788360904995611
"13305300973",2.27007514475905,2.0463191550508,3.11881251666434
"13305304230",0.469657433257586,0.562674382083203,0.659278670404802
"13305306584",1.05196920030835,1.29672619545439,0.869298530334039
"13305308270",0.543639902867518,0.322420517517455,0.455835516554642
"13305310457",0.43278681332963,0.376961488200356,0.526173572225343
"13305310502",3.6569073631694,2.10167801244073,2.37299570309279
"13305310655",0.755934733023716,0.573156854385363,0.823850727606516
"13305310783",0.958313267441525,0.348031796094342,0.732765660016698
"13305310938",1.36935425741082,2.94951230745594,3.58540416955556
"13305310975",0.446637859570967,0.115502214126809,0.772711415375441
"13305312615",0.281908204632664,0.539439041744261,0.546398515666489
"13305314230",0.304496990942686,0.530344687959861,0.717062509167659
"13305314934",1.54280493436927,1.33739109098636,0.834812079268204
"13305315011",0.643407240274286,0.311674796131644,0.322471136291262
"13305315307",0.770751983698166,0.577908638600865,0.831307832179118
"13305316116",0.71206614568383,0.612381615203796,0.558418398236532
"13305317488",1.23976621210445,0.661603058537931,0.741681682247851
"13305317831",0.47653276102142,0.449360098259864,0.286333428297248
"13305318082",1.61658644062052,1.42066253887127,1.57721461506809
"13305319811",0.276304306488031,0.257603701687778,0.420635003156831
"13305320335",0.41491753690386,0.433341748233968,0.730729365390126
"13305326444",0.123907435743587,0.202741000739761,0.382601574383607
"13305327469",0.856574397206858,0.702432463559513,0.568539754913057
"13305327712",0.124876572388117,0.16058257443386,0.351815572397639
"13305328296",0.407352108386026,0.228647880503262,0.270980173312865
"13305329067",0.114473324325986,0.0989241962666948,0.217586346453779
"13305329891",0.838574229568634,1.02499517234934,1.14990406271813
"13305330366",4.55612904707138,1.92903132122855,1.47556375905676
"13305330995",0.483094836958248,0.148312643897882,0.248546375255473
"13305331238",0.58291826771509,0.465397839767686,1.57987289456472
"13305331752",0.200720589500969,0.298118570915108,0.547006201187545
"13305332386",0.155047207034378,0.210270068862108,0.324959467907293
"13305333139",1.20675416442649,0.658355759224312,1.04661844435399
"13305334945",0.24802497197261,0.281818531303245,0.454350224371132
"13305335761",0.259192068691957,0.363848671993298,0.793783489223553
"13305336849",0.530205418785361,0.630937417826781,0.367064129672094
"13305337748",0.818812374107695,1.13276199853272,1.43396391977286
"13305340037",1.17213591367299,1.38159179284419,2.46543944536695
"13305340469",0.25681510240804,0.120395791453261,0.495503589227495
"13305341077",0.472305143868276,0.267609259695577,0.242042047474154
"13305341951",0.221185281732106,0.272144283996556,0.334972411243376
"13305343895",1.13615375205144,0.752552497671511,1.11105837296089
"13305344834",0.27785794771246,0.420767458351562,0.524417860009544
"13305346408",0.330358892702667,0.0702361744235887,0.263245367992925
"13305346626",0.537386605497036,0.299277535790403,0.205624093247403
"13305348821",1.62890859707317,0.665580270907325,1.25867064954203
"13305349190",0.155185879971127,0.349883470008084,0.220100659015652
"13305349981",0.730605611903155,0.476992614595358,0.287452718658516
"13305350624",4.62277063418682,2.8776309350622,3.67701307596171
"13305352463",0.310007979120395,0.400335638792455,0.638443540510132
"13305352555",1.22407353141165,0.954573878572596,1.59022104644614
"13305354154",1.29904609648702,0.524299182014994,0.287605800674613
"13305355425",1.82310336584951,2.515751240205,2.27269116673918
"13305355650",0.643163529673023,0.607174485914464,1.12091349616265
"13305356714",1.18429329934939,1.39349595458099,1.56546393998628
"13305360823",0.242350990494023,0.710897145469455,0.923901929099793
"13305361252",0.514893804144384,0.772458372361662,0.964356176915935
"13305361677",0.32447744438626,0.403443638664167,0.462212575305627
"13305362488",0.515183855873726,0.761531544746311,0.288297297658376
"13305362704",0.350470386801768,0.4048224044278,0.324478181110542
"13305363373",0.433335354251854,0.357957243080477,0.677999753650743
"13305364289",0.320391383495045,0.453949974828915,0.193435549005255
"13305364300",0.747377837162688,0.662124779911014,0.634584608592463
"13305364677",0.186588909646391,0.202487581490634,0.233221815968062
"13305364702",0.634018603681178,0.971694858904888,0.466470111105083
"13305364787",1.18426967772455,2.84905406446922,2.19310990885708
"13305365245",0.243408313780976,0.251634247473569,0.430788211163525
"13305366786",0.422592118394881,0.320582874354668,0.44443850105568
"13305366982",4.87171210705193,2.02996378000027,3.36329103160003
"13305367094",0.290572192306841,0.253914628128409,0.39174492401661
"13305367213",1.63782673226176,1.14893398039728,1.15351267067874
"13305367494",0.314635417898091,0.29816688300209,0.358358281543055
"13305367717",0.342466806300779,0.365329145691156,0.316491534177078
"13305372472",1.58748744430309,0.721831509227825,0.673083923404855
"13305373699",0.232242150431819,0.103738727918939,0.127042771799728
"13305373708",0.530125263025012,1.16576615432031,0.834540893629351
"13305375128",0.594771627669302,2.01835194154282,1.513999890824
"13305375575",0.17734476629204,0.083298062332643,0.187275440216512
"13305377349",1.96790043687477,3.74464786684075,2.44967111936316
"13305382084",0.394126758568173,0.572776942664217,0.570579536418219
"13305384743",0.374913344520062,0.595073801599731,0.95493893427298
"13305385086",0.403538707400448,0.723815019796859,0.455400248009247
"13305385409",0.61890082713148,0.543319526133475,0.332995079004326
"13305385561",0.910358638417591,0.89175371634618,0.608216448334831
"13305385873",0.831099941126695,0.406509932090131,0.347939856571612
"13305386679",0.939203124749469,1.19179514944373,0.729228220663326
"13305388101",0.118719713071346,0.0821424035177996,0.236577560710907
"13305390657",2.52885846453491,2.10285696711278,2.72198763640565
"13305391016",0.771514550591919,0.883312612276147,0.80211630141503
"13305391540",0.754982228571414,0.59681431289091,0.859843864485768
"13305393702",0.644098217236328,0.659627811558107,0.770427860728179
"13305394322",4.87225361366804,3.44145491107098,4.74070293483813
"13305395302",0.64030362153424,0.653090799823792,0.730833619527966
"13305396496",0.448510698795321,0.626624165840511,0.361232175784147
"13305396922",0.468172944856258,1.05693933324661,0.812638110707511
"13305398832",0.680914694487958,0.930745971037936,0.944938246195751
"13305399501",0.449066490895326,0.793050836885992,0.678642507589791
"13305401967",0.560475914967951,0.537644191648807,1.25614983726052
"13305409398",1.17639428080165,0.72799964329813,0.869619039640337
"13305410022",1.08118070382669,0.674491211111656,1.01894985895203
"13305410076",0.255196818796693,0.557351863005781,0.68561340353172
"13305411555",0.252091926818351,0.171439207629824,0.293335236161446
"13305411636",1.27463055623009,0.692949601246692,0.589037693224746
"13305411655",3.30744782481965,2.05424125960047,1.51878721338573
"13305412264",0.685554409192193,0.746875592334284,0.58277237986957
"13305412797",0.307888394142309,0.404115753971457,0.420598237681076
"13305412867",6.1953637181283,NA,NA
"13305412889",0.184770762272972,0.369569325709208,0.715941283255504
"13305413456",0.21816073841885,0.711820009844187,0.855160480919339
"13305414009",2.39864368147553,3.11183232610512,4.49780480599778
"13305414666",1.08609392321544,0.812531179184744,0.574225688903893
"13305414991",1.49005174395871,0.604802986737234,1.05685122577229
"13305415268",0.213730824812527,0.292501854391075,0.811250134369501
"13305419090",0.396254827992034,0.741664865828954,0.56150385534123
"13305419821",0.842609851752988,1.00357484892432,1.61490959506633
"13305420266",0.873587599318174,0.962111179016611,0.945540792659004
"13305422718",0.752285618524462,0.923702138277916,0.794329147346577
"13305423484",0.515781270684476,0.460152702195497,0.440003343247691
"13305424974",0.209227627367023,0.523757775786808,0.812252935793418
"13305424984",0.640971142567043,0.441283826197104,0.66223703854724
"13305427090",8.75958436233315,NA,NA
"13305428622",0.585258220419206,0.67343025706077,0.740936243283895
"13305429461",1.35337783635546,1.21382756474242,1.97866628410191
"13305430429",0.505349873351627,1.14912583417432,1.4318026586288
"13305431619",0.695568013700889,0.508818021153575,0.466145143022202
"13305431848",0.200712817362157,0.271341552713291,0.473059552532962
"13305432083",1.65380457904298,0.758767281968611,0.875904321513819
"13305433275",0.263462061466226,1.33225220880677,1.04560312583732
"13305433533",0.855718530312542,1.35059115503607,1.83986947894183
"13305433688",0.648341695289502,0.25272493919227,0.226129016850798
"13305434022",2.48739766087165,NA,NA
"13305435147",3.28112671869226,4.08803662691473,2.7977586682952
"13305435872",0.672012971252801,1.15974985157926,0.951764303314404
"13305438813",0.402118121718506,0.456579969926768,0.64071934011993
"13305440178",0.486671481739516,0.363553495148429,0.461171498939243
"13305442981",2.15749890781033,1.56175760145166,1.23948885787639
"13305445421",0.229775067159505,0.268358559224534,0.188651419839009
"13305447404",0.333056408891303,0.676939745771199,1.01727817724123
"13305449761",0.261307536099636,0.57180511196993,0.39731599713143
"13305450816",0.388835949881717,1.14516343555425,0.354277590387528
"13305451772",0.388098749075792,0.345641203283764,0.417027328018741
"13305454809",0.36707489423552,0.381408189131458,0.314208960032451
"13305455420",0.354895264839336,0.409226134960823,0.440872325402568
"13305455784",0.564689862609617,0.559497594567177,0.38411585517648
"13305457262",1.74296626627671,2.96042233086091,2.0756718143153
"13305458928",0.501050085433525,0.488590114572434,0.390759375605591
"13305461343",0.282778181681952,0.193495493666977,0.401105255902646
"13305462212",0.673599088714848,0.538959064075963,0.689015565675044
"13305462461",1.09567328237638,1.43756347590356,1.43324671911571
"13305462483",0.289030424741564,0.256079260965637,0.465314740422257
"13305462621",0.397990140267039,0.249236226287841,0.281239243806289
"13305463688",0.730605611903155,0.651232556904689,0.451975866836547
"13305464964",0.337532024361718,0.282903383202151,0.502297342581861
"13305466217",4.2230560568227,1.88078726940476,3.46670317940122
"13305468238",0.546530470652018,0.926792652866122,1.61111447497918
"13305475072",0.867993189687956,1.0055261050183,1.47013455458794
"13305475993",0.264223218429368,0.166834436432733,0.411562701729398
"13305477606",0.78775879590581,1.813402986689,1.31271516176598
"13305477801",1.61602031694263,2.02470421642915,1.57508898420274
"13305478800",0.208367796702234,0.152225689522579,0.229542038402345
"13305479117",0.569646517785478,0.531844136057766,0.67912969229403
"13305479141",0.790455564993,0.555524978918142,0.327051468845585
"13305479203",1.1225742077989,0.936081421094757,1.12706771965137
"13305480481",0.243690533354497,0.219917301112572,0.565688609528999
"13305480645",0.240123290206449,0.384992930186938,0.352582546215046
"13305481270",0.448320237088734,0.656545966250753,0.453162630656528
"13305482914",2.34415281485308,1.08616472756182,1.51472889353412
"13305483744",0.40868940618336,0.713457640001625,1.05902050558594
"13305483914",1.18776304167297,0.927072284507341,0.817927753446861
"13305484246",0.44239248796088,0.430371233923511,0.240718598371789
"13305484733",0.622966494319445,1.2846405870186,2.64026053403568
"13305486200",0.52365848965042,0.396464229959161,0.531921532801008
"13305487142",0.52434846832809,0.593516515375668,0.503511518304689
"13305487329",0.337441993713845,0.477170132055857,0.85089444407271
"13305488246",0.335252308429501,0.606093132775595,0.440609348409107
"13305488831",0.585401915705209,0.629778734681639,0.934748266160365
"13305490149",0.285030705382983,0.352416229885174,0.500085782321544
"13305491104",0.292573088553216,0.609911420386722,0.788320199583161
"13305492398",0.496817054602791,0.170730173904443,0.181811613022539
"13305492815",0.885083628645901,0.232176194840043,1.15119880668028
"13305493908",0.271012442991362,0.286855224907312,0.384107557161306
"13305494926",4.45082743084241,2.53488705905673,2.29398342786246
"13305496044",0.616931107269982,0.969202439251879,0.662673149216595
"13305497939",3.3555728085003,1.7181802469197,1.16576520196901
"13305500800",0.452689859442934,0.522886841195285,0.745135632261014
"13305501428",0.316344200535484,0.376699232278764,0.430067946824085
"13305501808",0.405780632836832,0.826692502532394,1.85559717262665
"13305502235",0.452273712872922,2.68858516833865,1.26104197418994
"13305503405",0.288771463430875,0.567584486373609,0.376794693760713
"13305503476",0.654981455886542,0.0428897639801497,0.196681156256849
"13305504836",0.252913592997454,0.300059031548642,0.334201617536114
"13305506501",0.498030434114723,0.384701352725105,0.698575305308888
"13305506918",0.56063733670002,0.781349253277074,0.703494272049801
"13305507995",3.11256839898185,1.19219034775103,1.04876500729958
"13305508075",4.20622161298862,1.49154361669542,1.10367384328458
"13305508110",0.767107106598127,0.709118143904898,0.915560173251312
"13305509439",3.26466318121265,2.28673540093752,1.54700739422234
"13305511478",0.349762730511411,0.7047005512251,0.731142397470584
"13305512998",0.114473324325986,0.0578999523810159,0.166160093050269
"13305513056",0.879321279199392,1.00982303828618,2.62242456958323
"13305513068",1.02844844805824,1.03730349689779,0.989863552996778
"13305513826",0.39782113202618,0.753927539727346,0.983274233303858
"13305514619",0.433532810816267,0.554177889159668,0.387518886818946
"13305514814",0.571715740665782,0.43044168340357,0.256648637391683
"13305516632",0.900066753087523,1.10622397744804,0.872921772873388
"13305516930",1.47895189396618,0.431329118877283,0.518818549812757
"13305519681",3.82551256989312,2.57477290268409,3.16660029950756
"13305520116",0.589620905466127,0.590838222201116,0.518665538584614
"13305521005",0.477733564508187,0.215982560602365,0.306582210847791
"13305522749",0.294882040311246,0.244502298068768,0.331376291901082
"13305524161",0.79794896334135,0.203694197652437,0.823440077566475
"13305524509",0.163573448327377,0.35451908909542,0.788586297317325
"13305524911",0.365850561861524,0.323108794843769,0.15681256592435
"13305526095",0.165159829849055,0.336605309277181,0.414465215065891
"13305526892",0.464783257146975,0.633065941680677,0.408757221332717
"13305527409",0.125093030942622,0.317889175388196,0.290634955546443
"13305527992",1.01215432818183,0.667914249870196,0.630478274671391
"13305529502",4.35068150294528,2.03355764832649,1.99285417401213
"13305529753",0.222249180370343,0.446250204055323,0.446499761372599
"13305531574",0.49849917444464,0.390150191677611,0.897853668544172
"13305535559",1.65273353741635,2.78131197785355,3.04370301733626
"13305536235",0.316421563318786,0.348300700155741,0.569004026510286
"13305537630",0.66549899751843,0.392114229532715,1.12774893708668
"13305538089",1.54361192946152,1.32951707450351,1.15878415377488
"13305543398",0.455118850039103,0.879934042656744,1.01837499250779
"13305544480",1.47696231974636,1.85853746435152,1.76094963258693
"13305544664",0.582203527621965,0.364570787695821,0.671728784338784
"13305546784",1.26344328795536,1.99708435160992,1.68492579816242
"13305547213",0.169024389224418,0.1264225900014,0.287060136163706
"13305547502",1.97463797574272,0.573397070154735,0.744951154477206
"13305547586",0.813518090941381,0.767091378777745,1.11293684306329
"13305548863",0.371316123476597,0.333918411221825,0.345689542921353
"13305550290",1.48519227307557,3.6436731853679,1.08827145086075
"13305550461",0.512719784166966,0.849851098456291,0.462611114002112
"13305552445",0.5438848331978,0.538084564731436,0.420208676365462
"13305556363",1.41860151120846,0.798087371534948,1.33271392840379
"13305556404",1.88847840706859,2.33206032752073,2.44200524883356
"13305557042",0.313663160059348,0.517144871331957,0.645382383843677
"13305558012",0.19694418817406,0.434650437181574,0.599220353534561
"13305558882",0.70996918227982,0.526936658816936,0.686802046751764
"13305560718",1.04269140626043,1.29743590320535,3.28122008216706
"13305561432",0.274836603935862,0.250183087933122,0.297413530630911
"13305562971",0.364900768363047,0.0634615694662442,0.396521795776214
"13305564024",0.30600974674083,0.630656584888655,0.544557634821796
"13305564363",0.324757886253272,0.65414723563572,0.75466314589093
"13305564910",0.745997405315609,1.22346703229565,1.09804681519564
"13305564937",0.212339332177657,0.251924426938688,0.421421102054785
"13305566207",0.243727478339099,0.314451053846289,0.402867232590524
"13305567260",0.811779669184325,0.517974864364745,0.338127744807155
"13305567722",0.556798618371357,1.43465576927156,1.28213925408064
"13305567895",0.769134958965501,0.505125187310341,0.431521990551047
"13305568418",0.491521709066248,0.524338181701355,0.757119866840073
"13305570070",0.769559459756233,0.619551797621887,0.660975574528937
"13305570438",0.630248190383656,0.400569859847479,1.1028388889156
"13305571570",0.534870897159703,0.735804636247529,0.611576764894754
"13305572459",3.24299318600501,1.78053215146568,1.87455692527077
"13305574094",1.21656161352108,1.38842425754442,0.610019626151516
"13305576254",0.14210348987997,0.211797638055876,0.258544319758383
"13305576738",0.146381755848562,0.0599721323834286,0.131785043371613
"13305577487",0.531044857384549,0.27813618397688,0.404814533672858
"13305577979",1.34269690974522,1.4568530458873,1.63773200057992
"13305579227",0.292348591450996,0.135713037623791,0.150142283404551
"13305581250",0.63229891514632,0.630035604355139,0.403108750359518
"13305583064",0.145148637508329,0.0713796927443268,0.540299548301584
"13305583458",0.818069044073328,0.741285957971326,0.534565476827162
"13305584286",0.535867507021878,0.975820612059628,0.469937202279637
"13305584523",0.977252964381884,1.50343037847322,0.903452602183192
"13305586346",0.464783257146975,0.627431012569732,0.373714880209359
"13305586838",0.451604138613212,0.476707623941115,0.481090577627177
"13305588405",0.8858510345826,1.17608213150074,0.743585620527277
"13305589611",0.388742065798229,0.257603701687778,0.420635003156831
"13305591618",1.63487718135181,2.46130334614541,1.3708877907445
"13305592201",0.39363717224106,0.451382950116392,0.413051935416233
"13305592543",13.2623102079243,NA,NA
"13305592590",0.524072269310525,0.51187033448539,1.15703823594206
"13305593373",0.716941816868308,0.353195875277023,0.22346577918728
"13305595914",0.656011268453804,0.383106458514691,0.28388189917788
"13305596764",0.208261359289632,0.0477929171841297,0.292351258310375
"13305597438",0.118799960080532,0.0910461091040974,0.164670675525501
"13305598668",0.914704718670046,0.978855952795436,0.628248665117541
"13305599505",0.497287868788274,0.431288615804829,0.241434957540559
"13305599890",0.328683812385941,0.368936776372792,0.506763419490299
"13305600329",0.724343904721434,0.25226472944035,0.391197757888958
"13305601254",0.258780963736738,0.845604372266314,0.677141106913222
"13305601573",0.297833115885188,0.169915731176455,0.24439812310874
"13305601693",0.537635869498567,1.02640449308507,0.930952395128034
"13305602312",0.866794524947727,0.764708129083151,0.717191676033028
"13305602526",0.767737535058372,0.361374460367679,0.862367087233567
"13305603109",0.628347920684304,0.537389923729351,0.249870568774433
"13305603325",1.54079566958463,0.713793749804505,0.529659853437649
"13305605652",0.525893646437103,0.437402596192707,0.643198297260581
"13305605871",0.688246502723174,0.697112185576159,0.521162319431589
"13305605952",0.578926008385171,0.700850281173043,1.07828364633968
"13305606083",0.128085536880144,0.051286899524299,0.130822232689628
"13305606674",0.310093423571333,0.286570659295671,0.217745616049706
"13305607863",4.87171210705193,3.50849886260468,0.715605276033452
"13305608268",0.607427619618702,0.520387322919083,0.597630229376325
"13305609441",0.737293606433417,0.786402964648561,0.533387044066191
"13305609863",2.24523219793739,1.65227907489077,1.05754926373003
"13305610319",0.15224666683377,0.243336247026875,0.356158280829151
"13305612803",0.187003108137207,0.194205424200343,0.123415067683705
"13305615781",2.82877038323656,3.55150937338754,2.99775039402861
"13305615981",1.23785124196016,0.900617854205212,1.05405709340105
"13305618606",0.585281214513381,0.915665073830698,0.531080191405249
"13305621101",0.94770393226543,0.532962474521957,0.700194369515466
"13305626147",0.4769261486065,1.14797781635266,0.567961269988461
"13305626647",0.591407667451026,0.345526915263196,0.388953148790759
"13305627804",0.309128006825235,0.296151591548996,0.492377521141467
"13305628418",0.254672436241002,0.540800046868264,0.934774720275823
"13305630230",4.87171210705193,3.15864891539072,4.76733066121425
"13305630834",1.46548476607127,0.583876118971568,0.649019271958574
"13305632115",0.201607447998799,0.230730121634352,0.395259033044704
"13305632235",0.134285324377841,0.150439727373212,0.184711442742927
"13305632911",3.01337207112947,1.00783901532418,1.05275126284465
"13305633641",1.35722547198048,2.09862272402394,2.20442068712772
"13305634380",0.383704193731334,0.452656717686162,0.273418491423784
"13305634455",0.750928220816066,0.94277456570656,0.651574364016974
"13305634830",0.502943820153454,0.401070500560991,0.59759465391045
"13305635266",0.794272345648757,1.50168801747099,1.75879650979979
"13305635783",5.41462828677982,NA,NA
"13305635834",0.176542355624276,0.124034235401613,0.497173128983922
"13305636538",0.586521333880522,1.27439698350582,0.78254842903078
"13305637197",0.681030516129254,0.40071858224561,1.1323740841134
"13305637223",0.39782113202618,0.749826326012771,0.620677215500342
"13305637978",0.356852512995448,0.240091629801254,0.262788582678511
"13305638555",0.114473324325986,0.0634956763813728,0.111572767306406
"13305638742",1.38778790082953,1.10190707454525,0.956566699847718
"13305639333",0.537350716830184,0.891746955806977,0.577328207719438
"13305640352",0.547435734682443,0.712833669285384,0.54150597240671
"13305640799",0.565270643301216,0.96791736944005,0.792530185249447
"13305644277",0.19980825255676,0.30900211861942,0.415476673838415
"13305644663",0.350470386801768,0.394686883699189,0.248753637084456
"13305646153",0.90289454422618,0.436293498098774,0.422023175120936
"13305646753",0.194687274769062,0.571807962270261,0.254299031778891
"13305647237",1.90649228037653,3.48244242921506,3.17117120468029
"13305647278",0.643437513627513,0.706186280714896,0.384738947765609
"13305647436",1.2363175662985,0.65150989002334,0.644459136704779
"13305647998",0.531545924252734,0.213134665157435,0.372396734823338
"13305649011",0.484261066601217,1.05879742912815,0.943780571958126
"13305649291",4.87171210705193,3.00339517551813,3.00961480954701
"13305653574",0.405779766372227,0.505965450589304,0.391334924608704
"13305653664",0.486770136113147,0.472599083933928,0.48505833524193
"13305653877",1.42180314171405,1.56642910503884,1.19693767237486
"13305656982",0.349762730511411,0.824233024297772,0.837305995150185
"13305660049",0.622879274522581,0.352182138106621,0.497384587192923
"13305660072",0.652959338447661,0.345032050972605,0.62020836617608
"13305664128",0.64030362153424,0.517205193827726,0.589358204094483
"13305664805",0.265085670598702,0.323200372858763,0.305604808617575
"13305665243",0.198473805637808,0.438818992314532,0.66136623163385
"13305665806",1.24774313858609,0.662765831213815,0.333637577975372
"13305667017",0.297833115885188,0.0283326215937525,0.189296294096076
"13305667373",0.55120802815587,1.43217187157499,1.01394033208992
"13305667862",0.961062051997439,0.591825221980421,0.845391692568264
"13305670997",1.09493356923854,0.985740079383191,1.33137984074424
"13305671152",0.28992746052664,0.473354601855472,0.761782293357244
"13305671962",4.87171210705193,1.78017233502282,1.54169265042033
"13305672192",0.573266758320846,0.983557741785472,1.09524418875614
"13305673200",0.25681510240804,0.142584427013078,0.443873376331737
"13305673508",0.643437513627513,0.426655751119536,0.322426014164394
"13305673739",0.468727697030329,0.808094147683889,0.634787615456349
"13305674853",1.58311045378853,1.76334180971389,1.17515913206642
"13305675035",0.571730698452912,0.241020554633225,0.240712087826175
"13305675637",0.212339332177657,0.218685376577897,0.246732683148212
"13305675802",0.723336317188925,0.359992976973591,0.221418494344635
"13305677220",2.06108603785733,2.87093524192921,4.24586548653051
"13305677230",0.434320442401189,1.13731394946252,1.45771071678376
"13305677866",1.12374550324173,0.14106666843644,0.936538526859271
"13305678228",0.482469942427141,0.722982532629584,0.365476677595405
"13305679252",0.801357051435749,0.554940072451821,0.382365977599271
"13305679604",0.208367796702234,0.924106478949812,0.344006719326151
"13305679846",2.68680242405595,2.08368614188913,5.13212555992423
"13305683090",0.71206614568383,0.550461942074954,0.461087535337522
"13305683268",0.455024337791377,0.207852175083513,0.664648984912976
"13305683978",1.57238109289868,2.1628154178151,1.27063643295524
"13305685254",0.211016676426732,0.151088435341872,0.0947681827483394
"13305686075",2.13029954176959,2.94882718174373,2.29526795992508
"13305686362",0.171955756483991,1.00860132918968,0.433766399662644
"13305686618",0.507825569233633,0.203110288934052,0.245974696576909
"13305687346",1.70860761769578,0.372077598541213,0.949183155362765
"13305688057",0.259317606974127,0.568147215524354,0.2173613265865
"13305689579",0.423197600813145,0.923404957947932,0.848689743821773
"13305689779",0.296428356683484,0.311460706997611,0.531012261298814
"13305692019",0.5438848331978,0.670411635722873,0.559883095118803
"13305693283",0.384419525828323,0.260386568829367,0.336494385031108
"13305693717",1.13401410019581,1.22791946589762,0.759100806023878
"13305694179",0.513584629357134,0.955145711394744,0.718661336462545
"13305694378",0.37850150718402,0.348812030714942,0.368066730832753
"13305694441",0.89475355861632,1.97734179235427,1.4839112677894
"13305695242",0.403586937231339,0.883949634383888,0.614098661372746
"13305695351",1.40402822868439,1.4419365505977,0.480446008341553
"13305697110",1.3820586454945,0.995354670066436,3.12073156056502
"13305699270",0.530205418785361,0.604998865105709,0.361992723691736
"13305702675",0.848943105201975,0.713538611722422,0.622058672498867
"13305702724",4.29554099118625,4.65988627798464,4.56439069426985
"13305703678",0.549437177739991,0.365526053937383,0.353623518468283
"13305704784",0.428876847370993,0.383090420369853,0.550495683257497
"13305704808",1.4096349205417,1.87921896996693,1.03531767881246
"13305705706",1.6668233041882,0.718612266910757,1.03401831680983
"13305705918",0.643580239064431,0.943060348283546,0.673356408775615
"13305706233",0.140643309985449,0.229131965905814,0.238210329477112
"13305706788",1.66164887105472,2.28114819972877,1.36859442319267
"13305708133",0.563729364022377,0.134517964165437,0.3789850104784
"13305709408",0.729065047964925,1.00350978828347,0.930834890728468
"13305710465",0.206818061716084,0.410282113230217,0.463685039470902
"13305712305",0.466650298526741,0.472843648864902,0.410667051925438
"13305713477",0.366388689662258,1.13414292554784,1.31123133859903
"13305713574",0.624117682079008,0.732759017737901,0.816917679299081
"13305714503",0.529278693928179,1.23951328087913,1.09445530430009
"13305714648",1.38778790082953,1.07735186584826,0.940167597065165
"13305716208",0.77711554994272,1.07082131622357,1.40921358719513
"13305717357",0.741287788423616,2.31757576919565,2.80171541082315
"13305718141",3.35838501964291,1.55975170344446,1.17632273266127
"13305718837",0.440787092544057,0.895608912045267,0.745095378780323
"13305721809",1.78081904848923,1.85038322714673,1.3450707489948
"13305722151",0.23483429618545,0.239509507689086,0.536709268577993
"13305722586",4.87171210705193,3.75788782508538,4.00260464367584
"13305722743",0.214978001021206,0.314179508529548,0.444778631088302
"13305724318",0.908571127513153,0.682454802027334,0.743853018495477
"13305725061",0.624117682079008,0.905956761686152,0.982098816397652
"13305727501",0.304496990942686,0.71306516119292,1.00917066458362
"13305727777",0.281911367246766,0.154309058712703,0.262205320439764
"13305730412",0.50702410851966,0.813233748645109,0.709708837432161
"13305731064",0.704622484223979,1.45423719353119,1.2172501640497
"13305733665",2.8373527105353,1.13181575661974,1.13085737909245
"13305735382",0.364900768363047,0.459602822303641,0.730699430072529
"13305737766",0.545359233447,0.962408333241502,1.17212633206239
"13305739219",0.789679749713777,0.706592520561595,0.924349684199931
"13305740302",1.596753391219,0.345110977848387,0.3087992628933
"13305742681",0.334397367294647,0.378505023925054,0.495088966540429
"13305743559",0.30332410268296,0.335296924706003,0.261737423576127
"13305745130",0.14737170849903,0.516535060566096,0.396951539072287
"13305745152",0.38010850304591,0.378685003390211,0.440352862777061
"13305745719",1.92761088823442,1.05338869760616,0.710569856250075
"13305746515",0.55167695056554,0.290170796025219,0.480510433480907
"13305746911",1.03347919983156,1.68826660054302,1.29322686231977
"13305747355",0.601887278212204,1.03717623215291,1.02195563896934
"13305747407",0.144600863340175,0.279769252161686,0.419364976230129
"13305747883",0.659111523516283,2.91478555671311,1.35225387807581
"13305751824",0.209844235579767,0.230018919965126,0.281895985370548
"13305752914",0.869041535691881,0.836025279671345,1.13273582346083
"13305753445",0.183850714482383,0.249506948665963,0.39547567229783
"13305757965",1.01604283485008,0.595893826566274,0.936484051887672
"13305758289",0.262392242843784,0.246475620501999,0.346148868997489
"13305759023",1.77831664774621,1.64645255175095,1.27626866066977
"13305759234",0.337441993713845,0.477170132055857,0.85089444407271
"13305759662",0.349762730511411,0.434601373968295,0.544016959505263
"13305759692",0.628347920684304,0.825915013967883,0.385869514382238
"13305760037",0.395279481300947,0.872270300817224,0.735699393620944
"13305760396",3.71796654425962,3.04416472711101,4.77207264064509
"13305760562",0.5946705410392,1.02635857429847,1.41340375310364
"13305761777",3.03839737937801,NA,NA
"13305762360",3.22217493723394,1.74896309335989,1.32773452494372
"13305763999",1.45386012458988,1.45273969646735,0.993795551246401
"13305764299",0.178525818881249,0.449983788243966,0.361311200081527
"13305764313",0.470145603859878,1.61378133101294,0.799730185096947
"13305764396",0.425650572202884,0.431028954878513,0.477284058582353
"13305765116",0.847709369663096,0.788375894900283,1.52216939994131
"13305765765",0.393479655902585,0.447410075122606,0.293429305964683
"13305766387",0.442243843572954,0.752052378292189,0.677459134913172
"13305766411",0.661971234436858,0.911858197109303,1.18558003837762
"13305767554",1.23430856313253,0.996642393366462,1.05149789403437
"13305768163",0.55167695056554,1.13139133604007,1.17322870616741
"13305770126",0.507320487562781,0.593669517017352,0.600456715435856
"13305770127",1.42913805842406,4.03605819644554,1.88510000971798
"13305771172",0.194022528647825,0.169513645578411,0.214767676233838
"13305771286",0.464783257146975,0.421699246202076,0.284848751780346
"13305773657",4.38276667155029,2.16541104367487,1.38275832765027
"13305775321",1.58342725958706,1.48769126163957,1.21488683595054
"13305776607",3.61080297498628,3.34156585794579,6.34513102756749
"13305776851",0.173966690413675,0.299740291384725,0.278770323513289
"13305780557",0.183547746563919,1.26994928402562,0.926381093700621
"13305782109",1.06534584965425,1.26819486181794,1.25362013698721
"13305782250",0.316421563318786,0.36332192788571,0.533938016634127
"13305787163",1.04751781245501,1.49667190841472,0.569109934474924
"13305787236",0.27961500842194,0.369367248698354,0.399840159389723
"13305790231",1.40199420457651,0.582314679479942,1.20977871374659
"13305790482",1.65380457904298,0.719812449615088,0.883396840502686
"13305791246",8.73660783392026,NA,NA
"13305791252",0.537421248853139,0.249928205762732,0.519949277648291
"13305792735",0.25681510240804,0.173118893034708,0.549868183580083
"13305793223",2.34744068169386,0.392725076382929,0.531206799306316
"13305795126",4.87171210705193,0.425164605984434,1.20549954758183
"13305796197",0.214978001021206,0.314179508529548,0.444778631088302
"13305796575",4.26067852694125,3.67339653459884,1.72560172397965
"13305797176",0.95141738494544,1.79206364497965,1.24677415023901
"13305797411",0.870822300586322,0.2628597722071,0.979624253449774
"13305797979",0.701816622342861,1.17031322577517,0.958356084063824
"13305798881",1.74178996007636,1.19514960885487,2.69677888312183
"13305799302",0.823648290999526,1.26260195519631,1.34791390838094
"13305799445",0.182697229611634,1.03849932931215,0.690470272536479
"13305800170",1.47931898790501,1.12569909665132,1.22590347162701
"13305801234",0.402707994766258,0.267568007903477,0.313355978279638
"13305801833",0.345656989198864,0.325376108093028,0.294501279884459
"13305804284",4.87171210705193,4.42799629302083,3.89622532918512
"13305804670",0.220225947986057,0.419183509329365,0.615048927263523
"13305806003",0.488960276437764,0.692234547354868,0.80596805048077
"13305807061",0.296113182352264,0.232878498493981,0.353261468299181
"13305808150",0.55120802815587,0.680419001457917,0.437269645279547
"13305811563",0.789344783480742,0.644392759340087,0.679485514144175
"13305812083",0.114473324325986,0.158538947961467,0.243971170714387
"13305812545",0.7157770005641,0.499318587120896,0.772700791957615
"13305813335",1.60246690170284,0.938033124851428,0.686160396953293
"13305813361",0.5438848331978,0.28440718055194,0.180373490381121
"13305814920",0.604421462270182,0.408048328977625,0.468627916655412
"13305815671",0.740976204752009,3.83559142338263,1.44122541317008
"13305815896",0.61890082713148,0.469359433372414,0.424276615944802
"13305815922",0.38510672109046,2.75989560296544,0.481299430660932
"13305818477",0.50005952531808,0.568438790557909,0.443139820820132
"13305820030",0.164222119430982,0.52467271253282,0.537197526336121
"13305821015",0.631726400339093,0.591149598515294,0.666349765823591
"13305824355",0.457540227059331,0.343253674618929,0.383049595283527
"13305826157",2.07645593647556,4.17924263392519,1.15632122178944
"13305826762",0.32447744438626,0.144002018490193,0.183906623645941
"13305826886",0.152496692727304,0.0504034813894263,0.235798211445976
"13305827965",0.582159832849584,0.583416472283296,0.670368282151399
"13305827976",0.271012442991362,0.45257601775473,0.540577298945544
"13305827992",0.36130885139989,0.747984297899268,0.825563943220609
"13305828379",0.567333658852468,1.20553004921035,0.62398714158368
"13305831459",1.4096349205417,1.87921896996693,1.03531767881246
"13305831778",0.749004321623337,1.10197720938151,1.08479061707205
"13305835850",2.84423388507954,1.86065490087457,1.76519468845971
"13305837184",0.425543052811834,0.581779768450878,0.839232017820596
"13305837326",0.856574397206858,0.571116276269449,0.51724586896212
"13305837380",0.41491753690386,0.416071872764675,0.569862347135065
"13305838357",1.45178067124529,1.38521459242436,1.31558732574472
"13305840865",0.48935899768655,0.637084321417673,0.345582610682091
"13305841422",0.919746285576617,1.25077358665689,1.00619069850508
"13305843944",1.37646948638777,0.671424570921906,1.24222602619415
"13305843981",0.608109830349633,0.628654046246285,0.674467521046932
"13305844231",0.535193225640135,0.0657729244571854,0.176733646171802
"13305845608",0.361284683536256,0.298717207138931,0.300369784469963
"13305845666",1.64912240251129,1.00835275043302,0.777023605433904
"13305846224",0.212368155959415,0.0702331360109538,0.0511025461128728
"13305847349",0.392102989928907,0.484229128799231,0.331118930711329
"13305848143",4.15663918915763,2.08452852475778,1.61683541858948
"13305848799",1.15063939959333,0.584273875038167,0.842260090027436
"13305849236",0.939203124749469,1.29679346982551,0.828391653549155
"13305850400",0.58449568606723,0.612690286434477,0.963861985824115
"13305850590",1.56101737188205,1.06008255510449,1.20338121382606
"13305851451",0.643580239064431,0.341259394930054,0.857415958446223
"13305851860",0.77711554994272,0.846213626242939,1.16922547975189
"13305852690",0.695515797542618,1.12286670286164,0.840204098329048
"13305853590",0.284841569389438,0.667945193377213,0.315341281183426
"13305855078",0.160506776734107,0.629676618756338,0.422790894869616
"13305855229",1.27914454469223,1.16298385630401,0.969480835685538
"13305858482",0.277230775629021,0.47151358317443,0.615307012814238
"13305859245",3.52479510320954,1.15840434346698,1.05542266140148
"13305863347",0.781274599916204,1.12273965072544,0.597525437462818
"13305865901",2.58805116785002,1.70186884807363,2.24832111956148
"13305868053",0.316421563318786,0.689913459582571,1.10305610062113
"13305869273",0.358958531388124,0.751573968194536,0.905572771973153
"13305872981",0.551069919102263,0.516321013093636,0.380226944551142
"13305873518",0.314681900433834,0.534123171013188,0.668316625834747
"13305874448",0.215533665090927,0.645181449958405,0.504221709816323
"13305874641",0.269950060540324,1.03145300870588,0.802492088272167
"13305879296",0.172783275290305,0.695899377924228,0.845117994061522
"13305880735",0.745997405315609,1.9416703795511,1.4537901095272
"13305882030",0.256529518178811,0.185584463688645,0.283749333799709
"13305882126",2.05738868527929,0.607336968835205,0.80201381239967
"13305882558",0.409085258604279,0.917323911708273,0.90295658724172
"13305885753",0.345171581366361,0.502141333081045,0.71130480902154
"13305886855",0.807733006804794,1.40706943333521,0.781120926443483
"13305887561",0.570874795663251,0.683026620059167,1.28591368676612
"13305888382",0.427150389073481,0.875827784020026,1.07347986977279
"13305889011",0.310160476024665,0.340139856137334,0.347327757141262
"13305889194",1.51796763052359,0.660827278710284,0.408994050127154
"13305889529",0.846214712674991,0.907350896165798,0.665620044957709
"13305889798",0.202786062557998,0.1759250381388,0.374115596583552
"13305891314",0.668414496013249,0.89883935557602,0.340725779494336
"13305891471",0.545094951134753,0.341459938836798,0.466946926581432
"13305891613",0.388835949881717,0.395108941526154,0.236688667239873
"13305892192",0.465018770926579,0.751009014569244,0.417231467383537
"13305895175",0.406439987689391,0.407631931985065,0.509428448814436
"13305898168",0.396971353700974,0.456544838243942,0.237684173948563
"13305899819",0.357048508453822,0.0988415291345632,0.330534055658518
"13305900160",3.84412226120951,3.5485383163738,3.53252367739792
"13305900344",0.431283161545838,0.598497640288309,0.395111228435192
"13305900996",0.787269547404206,0.660317400224431,0.457765215463831
"13305901477",1.11094228222602,1.8317948850575,1.07369812777355
"13305902115",0.622494902525672,0.311445824185619,0.239995603875594
"13305902318",0.343770689425827,0.28417457038904,0.54796195472304
"13305903122",0.384891578598106,0.25226472944035,0.391197757888958
"13305903615",0.602193259289124,0.703327749762407,1.04297290697317
"13305904429",0.553076163982591,0.427448054823525,0.794988072572659
"13305905277",0.330479279755334,0.548335543410029,1.11595251646889
"13305905359",0.315509461411195,0.339448375247007,0.352430358960852
"13305905794",0.430844317988815,0.871889854567609,1.16712781988014
"13305906300",0.189927018266558,0.666729689519031,0.450479343825376
"13305906680",1.52720386102362,2.13629791386261,1.99214733712183
"13305907121",1.0766496371961,0.973332418434417,0.995275016345482
"13305907845",1.00294755231163,0.9428608948129,1.16591283650446
"13305908027",0.352938429092279,1.17717846097739,0.680717812600895
"13305908456",0.17979099112085,0.495707647178551,0.781704163093062
"13305909077",0.921103272629412,0.506707102808914,0.855861019722534
"13305911677",0.691707803623228,0.25148333189032,0.28532591502202
"13305911681",0.878360660003689,0.572512404508934,1.02101082036522
"13305912072",1.16875925164402,0.65480944719415,0.561232436384034
"13305915100",1.52781686623996,1.73270509952631,1.39625315504612
"13305915383",0.99077805331553,1.09385864166202,1.69722913292784
"13305916575",0.154497690737965,0.48905381461807,0.520597203480154
"13305916825",0.73488208169645,0.623358073095083,0.606878069403533
"13305918732",0.517155076061716,0.73982305830315,0.644380572050863
"13305919740",2.47229869182204,3.74226767232728,2.37722684457858
"13305919745",0.317349937521802,0.403485886970632,0.6475381487485
"13305920743",0.320074178772156,0.355529748910214,0.369064539943194
"13305920778",0.557705895189342,0.457617906121709,0.301992438850993
"13305920827",9.09984078717464,NA,NA
"13305921533",1.1139035780912,0.568669448498508,0.929239294726904
"13305921539",0.594771627669302,0.977155727142538,0.960139145309989
"13305921758",0.525901665490183,0.510926608608915,0.566103896900724
"13305923904",0.8858510345826,1.03770845553973,1.00401070152899
"13305923975",0.421034293333386,0.257603701687778,0.420635003156831
"13305924219",0.658240072725828,1.26030744201918,0.882131185068636
"13305924783",0.362237015772109,0.357299225280092,0.56243235653859
"13305926933",0.323754916412376,0.513632188632898,0.461746483747019
"13305927457",0.570647897406081,0.487661750631835,0.384270584618606
"13305927941",1.17231184104946,3.9342658380658,2.63299076610261
"13305928071",0.549684375676875,1.65839721622281,0.913201140886991
"13305928220",0.609527961112258,0.660208331025937,0.471415519939493
"13305928457",0.754225294467681,0.699482971847722,0.703280194424238
"13305930744",0.89130985000056,1.12413556475154,1.90797099528643
"13305931401",0.8390509237359,0.670364629695342,0.55476582218565
"13305932957",0.530205418785361,0.417162379339896,0.248569817913246
"13305934448",0.345917866679141,0.394673792296732,0.285316267916752
"13305934694",0.292348591450996,0.146462019806326,0.122882517799757
"13305934765",0.57830063721597,0.292061952018628,0.337373682978578
"13305935138",0.521058893725869,1.94419903404459,1.73074057965797
"13305935140",1.15238583281423,0.719322833283506,0.967549604899383
"13305935335",0.926054589610301,1.07463911450044,1.77339489216392
"13305936905",3.57638101634,3.65006704194783,1.60896163444983
"13305937676",0.377021821342256,0.588211230859175,0.536042828511244
"13305938098",0.356502513533467,0.338237926192485,0.477521713936497
"13305938173",0.483094836958248,0.200913651388194,0.311779219208151
"13305939491",0.763062322189097,0.76274700173756,1.11976287048808
"13305941457",0.468088557789986,0.156631633394275,0.278110365788594
"13305941498",0.466517856594668,2.77008274731419,2.67880367065267
"13305943101",0.229711442103448,0.0687186607403291,0.0727029460005294
"13305943117",0.209731329540643,0.0986577932213612,0.267749004106238
"13305943145",0.449915957872528,0.116243315037373,0.14431843363557
"13305944116",1.17107748232082,2.20662893224847,2.5056827768952
"13305945721",0.463308127249981,0.221082501751908,0.742840949017496
"13305945781",0.689997896446626,0.226997851727967,0.474462934917759
"13305946549",0.337887335647623,5.2048395050683,4.15585201733918
"13305947926",0.36344687719932,0.132104876735768,0.130850662157325
"13305948102",0.296113182352264,0.428841034576705,0.272164620176338
"13305948547",1.21986948374495,1.27278562688897,1.41362700459796
"13305952273",0.501372783417272,0.472393674420798,0.746975119453734
"13305952577",0.487874730204348,0.604338900021232,1.03819485954228
"13305952877",0.63451000455606,0.814285745569273,0.639674864687748
"13305956721",0.364496108249876,0.233806532723587,0.475553633703607
"13305957947",0.145148637508329,0.196691011289416,0.262068351733019
"13305960263",4.31244531455864,1.92196957448353,2.95616820983414
"13305960380",0.208261359289632,0.136941732811139,0.341946188558505
"13305962328",3.20141716057949,1.1861121211888,1.31682475056165
"13305964380",0.265085670598702,0.127895188710579,0.164103391102928
"13305965112",0.335725637739792,0.336659118019498,0.383575807996673
"13305965881",0.954654033089254,1.00925639522515,1.08893395559502
"13305966339",0.481078577486184,1.70060450506589,1.27316381865264
"13305968361",1.02141814583777,0.433141326765287,0.486833712268939
"13305968835",1.30924914821637,2.22220705609233,1.1926977967687
"13305972384",0.653065377747325,0.631863297063864,0.708539215101474
"13305972528",0.118719713071346,0.407550380673363,0.168735161322622
"13305973702",0.754225294467681,0.721523284202685,0.472991133484051
"13305974498",0.860146340084942,0.242710754927542,0.232724237495495
"13305975829",3.01758071801248,0.969545999676415,3.11469679853354
"13305977753",1.83693463720663,NA,NA
"13305978339",0.566407407537002,0.285034293568108,0.939862911101871
"13305978419",0.361937518182081,0.228685171149662,0.35777947858247
"13305978447",0.427805774132261,0.439117813610587,0.464259791946305
"13305978908",0.22480294019203,0.219433629126958,0.516072854905404
"13305979107",1.42353331446821,1.20986692897601,1.34145945535271
"13305979659",0.974929350036324,0.903997944663315,3.20439755094479
"13305981330",0.141369106230759,0.191684861896947,0.237424283990657
"13305981435",0.532132534567413,0.842117690555979,0.85258110862898
"13305987772",0.139839386616783,0.272671389284451,0.678372652304201
"13305990264",0.690750205526262,0.968522757018738,0.48765258842091
"13305992514",0.127484485843335,0.31980180519983,0.514634427790924
"13305993753",0.378696509067511,0.0855865703225958,0.190315933675306
"13305993885",0.95020280001823,1.11316893027873,1.5852554971755
"13305995821",1.2267884550968,3.62847541137361,1.84058894497757
"13305996167",0.336257482966898,0.246651456376897,0.293458913271274
"13305997205",0.342352786063612,0.371760217963521,0.38334248292929
"13305997677",0.145148637508329,0.192313707375012,0.232645999730916
"13305998110",0.515183855873726,0.371888616185214,0.593024230708622
"13305998603",2.44807894811323,1.26731362607623,2.03730017169305
"13305999134",1.09752089835628,1.01960808595179,0.579341537924599
"13305999726",0.428680796595567,0.402738841254722,0.72405080691928
"13305999883",0.163940743119281,0.503492933092992,0.482575706984763
"13306001143",0.815018942064583,0.489420618712162,0.787250620011567
"13306002277",2.00884265150756,3.42773825768132,1.16001259525157
"13306002420",0.991988452171693,1.1509789136616,0.780941977900243
"13306002473",2.84423388507954,2.96761769377085,2.50028841553889
"13306003152",0.975501465319536,0.935670320621026,0.708631424487994
"13306004623",1.77756591471695,3.02016176331085,2.87591011587961
"13306005559",0.182848682283061,0.251338084902681,0.303113571731133
"13306006361",0.64030362153424,0.653090799823792,0.730833619527966
"13306007068",1.07217631673167,0.494765097068777,0.72373428447588
"13306008574",0.609527961112258,0.675680521158298,0.533362068188664
"13306010081",1.80585033699109,1.56696800669003,1.66638341470007
"13306012353",1.70842155314589,1.63615974689211,1.72804150112137
"13306012528",0.595942449479671,0.509916749993361,0.64974198467695
"13306014436",0.653536521402844,0.827572678420219,1.03950525730868
"13306015402",0.307445668503837,0.408796858061612,0.383841418655257
"13306019765",0.200720589500969,0.229847030233025,0.31497776828626
"13306020163",1.33220276331224,1.76095067459605,1.0561835569416
"13306024710",0.613215350658431,0.158273489008266,0.300222553979784
"13306025446",0.211546549850334,0.037355690060445,0.149900254911828
"13306025947",1.0708401326944,1.16815824905709,1.18662223398618
"13306025985",0.925537846798064,1.49202676572036,1.24243657466292
"13306026638",0.177787212508478,0.092851858035436,0.456669576181429
"13306026766",0.723647195719587,0.458668144869856,0.665266292885418
"13306027528",0.285834873340002,0.262013307056785,0.313114941323869
"13306028540",0.856574397206858,0.452461009884656,0.417643060457694
"13306033578",0.422702141750711,0.548283221108771,0.648763413691894
"13306033665",0.388835949881717,0.768516298931516,0.5417246306479
"13306033788",0.388826752141692,0.285577130338347,0.562094594726021
"13306036809",4.35613862784475,1.38370102340197,1.85084706322894
"13306038704",0.491580019685637,0.897335600181267,0.913456452485874
"13306039891",1.94243931521454,1.5381880012424,1.68383581686266
"13306041402",0.306956209444962,0.561976190077831,0.670502776041467
"13306041421",4.91404269658892,NA,NA
"13306041544",1.75552315033921,2.57862407078756,2.24612390450313
"13306042129",0.453741142116842,0.776046712195725,0.356430851704799
"13306042179",0.494926443468806,0.449454725622796,0.450878115535625
"13306043012",1.42962050636181,0.466443309519725,0.409159513015837
"13306043130",0.973107584058648,0.70654928419394,0.728739770774788
"13306044684",0.187003108137207,0.31137939868649,0.178875934609731
"13306044884",0.550998296538206,0.899697373514628,1.1673577682872
"13306047004",1.04016138374217,1.19797925672789,1.12979291308308
"13306049416",1.44678637142962,0.920781528071555,1.19595941169587
"13306051080",0.149851771044712,0.178280565040403,0.315927002409304
"13306052421",0.607596060600413,1.03069789533397,1.16490461383627
"13306052857",0.924745890627429,0.607287925865824,0.746277417661383
"13306053063",0.337418426069008,0.409659558387225,0.586035288525858
"13306053262",0.208367796702234,0.152225689522579,0.229542038402345
"13306053752",0.392309822177179,0.748948756139443,0.834447810529162
"13306054667",0.681822792332155,0.510061861470896,0.391318290847787
"13306055592",0.551239075761968,1.38184159307602,0.885578738049447
"13306056391",0.292642196741558,0.0567335239089114,0.697404407621117
"13306057639",1.63782673226176,1.36844211066436,1.7697114940752
"13306057652",0.194687274769062,0.554668413977754,0.347097782420199
"13306057701",1.54280493436927,1.43185424801114,0.790329268128418
"13306059500",0.869315180583209,0.543567384180961,0.83663694460769
"13306059749",1.28565156246796,0.749279972476735,0.855308339348542
"13306060075",0.88923220490754,1.32924733251337,1.390987360086
"13306060291",2.2804295315125,0.921460886569609,1.84038375121559
"13306060396",0.388098749075792,0.331849327264197,0.40159284896979
"13306060554",0.354929066801413,0.246683823671007,0.3640233650659
"13306062173",0.156544128720566,1.01197248569021,0.43320999596479
"13306064979",2.7519568542646,1.88052296227544,1.42463367465895
"13306065451",1.03870316951467,1.22261438149946,0.950476347251509
"13306065742",0.965780089004747,0.150662102265425,0.377651008423615
"13306066121",0.134224228634188,0.172473790563156,0.251869742303163
"13306067136",0.346844374767415,0.335997511008007,0.590134626296879
"13306067820",2.63023606566087,3.1487502315373,4.53775993330244
"13306069651",0.262031708258678,0.316578492839723,0.36476727310759
"13306070376",0.531432370884806,1.1725011634464,0.977529033983803
"13306071437",0.309976481896799,0.397071807066679,0.453247021763563
"13306071560",0.365850561861524,0.755281362967545,0.343781622266514
"13306072644",0.230887399977451,0.423652968990259,0.286267456095853
"13306072755",1.11116440450825,1.30898300119883,1.40783367881806
"13306074337",0.601080681626996,0.813692731177218,0.663251874846991
"13306074909",0.556938400795296,0.341436956417985,0.816599170300148
"13306076497",1.26638271382642,2.3201800465479,1.81192851042831
"13306077156",0.925621176012363,1.43800743994009,1.1860867548335
"13306079907",2.66271482174062,3.74287335813939,3.17768121830366
"13306080752",0.200482497582211,0.18480395339229,0.458900104299324
"13306083851",0.445597440316167,0.779447901226511,0.440571690532388
"13306085026",0.448277549873054,0.407597679640702,0.534670544206915
"13306086509",1.02350992562853,0.924339088893037,1.39447255397803
"13306087191",0.890839899792693,0.530386820106276,0.408626163361974
"13306088098",1.92761088823442,0.984246921882953,0.75051704043099
"13306088311",2.71067714113292,2.58548709840551,2.07594594732699
"13306091165",2.94939491443368,0.888981437380952,1.20834454588127
"13306091194",0.726612422778496,1.2043829495354,1.02682546871667
"13306091851",1.05570501599501,1.09760962410171,1.1695415776329
"13306093201",0.481660234719939,0.345363963495151,0.515918107604136
"13306093784",1.03645348708154,0.508382045535481,0.352585282164683
"13306093935",0.730740585551778,0.851163776004978,0.86857910583752
"13306095392",1.07779049687481,3.46910580123373,2.11567712705799
"13306096064",0.123682411087712,0.071551204600257,0.0861368330889397
"13306096445",0.155108046583102,0.687497699818623,0.634224306789924
"13306098373",0.735251607940778,1.43330016338314,1.29998566098586
"13306098959",0.427242017798705,0.465642612427035,0.397689461164391
"13306102740",2.99472948176402,1.85504723604923,2.53406664786875
"13306108098",0.710130046841531,0.523260428283794,0.736825272312235
"13306108322",1.52720386102362,2.13629791386261,1.99214733712183
"13306111210",0.895756577682075,1.53965292152056,1.49105283398968
"13306111809",0.517993682578101,1.35657839477937,1.10079895661477
"13306114119",1.30853884241367,1.28986646849582,1.15338918562593
"13306114805",3.32193151939146,1.98125812490359,1.80833065714607
"13306115815",0.658461293987889,0.723905510791857,0.928203645028721
"13306116154",0.365136286100968,0.349896611702883,0.487525401464084
"13306121653",0.41975978250294,0.741345293374671,0.901099614443131
"13306123480",0.875794857881881,1.36971480338636,1.34712915925357
"13306124522",0.551239075761968,1.52557154701861,1.06927824645948
"13306124919",1.37512836369195,1.2560450392103,0.96782423883417
"13306125250",0.722857910776306,0.830669751147808,0.746021737319781
"13306127544",0.491402815550877,0.41307849072708,0.828721696022436
"13306128023",3.28681900257627,3.15048675939047,4.39267106915813
"13306129168",0.199198064326277,0.464287477066549,0.634423181898794
"13306129199",1.10025995858965,0.963818647116298,0.906094338659608
"13306129868",0.250286800288739,0.439675175616446,0.315913081404882
"13306130509",1.8195294375086,2.43482716471376,2.2355000383294
"13306132714",0.357443046238464,1.15656769228446,0.614372828882481
"13306133562",0.699695181923139,1.67416989368789,1.53203431173807
"13306134717",1.2029484990339,0.725096271264383,0.609569820512297
"13306138736",0.288885141545679,0.230021143521635,0.459654725762528
"13306139547",2.74194421654668,1.09227751397587,0.84626434619905
"13306141423",0.537386605497036,1.21573492677053,0.560152847108876
"13306141478",1.41850113706187,1.15083322797715,1.33300857641731
"13306142211",0.484331883402535,0.253594445061301,2.15594675369575
"13306143584",0.767107106598127,0.569961884934935,0.561258301686173
"13306143924",0.659322448109949,0.347575386808817,0.60138502167284
"13306145178",2.38231894370346,0.491715070787152,0.86872519279705
"13306145496",1.00959462372761,0.587948623853851,0.577928727447668
"13306145657",0.372445434756722,0.346458242396164,0.452918674526351
"13306146202",4.02233963493387,NA,NA
"13306146221",0.434320442401189,1.211158986739,1.46760649735191
"13306146767",0.711755197086965,0.552386990581143,0.191322032155254
"13306146936",1.37629431713339,0.708353833848748,0.512857647377773
"13306147719",0.114473324325986,0.700544257976486,0.421044843406245
"13306148313",0.92476032953415,0.435267200661023,0.620583545036775
"13306151726",0.915314700675523,0.682430742766394,0.434913387796077
"13306151731",2.74710984248921,1.36238550410954,1.35425988716587
"13306152819",1.50528650576252,0.706592520561595,0.924349684199931
"13306154751",0.549413631736487,0.758619696379433,0.709552726992552
"13306155394",0.307114888955497,0.829712305019442,0.685123558988142
"13306156243",1.55306282680018,2.42342494633666,2.64869736105847
"13306161622",2.08567572473351,1.09298667025127,0.925950305872179
"13306162715",0.794272345648757,0.780620848953883,1.00064738610214
"13306165321",0.397745503690372,0.404494977111947,0.790561651005714
"13306165555",0.420076498781806,0.24653736347523,0.562666417829233
"13306165763",0.307445668503837,0.794788972668433,0.383276509068304
"13306167973",3.03665555928383,2.52610852684608,3.7231469303923
"13306168055",1.71034101815368,0.941222671317048,0.999935587528318
"13306169984",4.87171210705193,2.42823467640972,2.50393824026418
"13306170148",2.02524197077553,1.93181774604318,2.70914502856767
"13306170698",2.55935073226041,2.18297281268855,1.91054090872639
"13306170721",1.45260445921148,1.51446143499002,1.09307973586392
"13306172213",0.823388251022372,1.2433155631174,0.838607193809116
"13306172609",0.246041310181655,0.560081913697464,0.425269896324695
"13306172717",0.477163687001369,0.517474679245975,0.551104078468011
"13306172836",2.20633588985761,3.03565191930674,3.79214182547564
"13306173214",1.37836900753515,0.326422090906029,0.377157457951557
"13306175616",0.333916582328529,0.134045639202772,0.403746065406145
"13306176416",0.114473324325986,0.285391280301044,0.340548461279366
"13306176638",0.755864075103293,0.287647799304194,0.734476453722537
"13306179190",1.09827324275327,1.43329189811416,1.75795884660167
"13306180702",0.604657613505856,1.30625756823274,1.33275655932886
"13306181098",0.612248043990968,1.52136718769064,1.09818564973715
"13306182204",0.654498288952784,1.41979644010553,0.798510901028048
"13306185167",0.323544780630446,0.476344265605595,0.913589016154236
"13306188937",0.236133130810091,0.599142335446832,0.753208684729617
"13306188953",1.52874955241562,1.37895702995857,2.2687303886764
"13306189766",0.284497023044121,0.437332874574401,0.42397001112589
"13306191069",0.631425716787233,0.445517639657152,0.796126072675388
"13306191722",0.507049562364527,0.507729992028292,0.618911886251618
"13306194602",2.63107828143046,2.30511226033279,2.61846566827134
"13306194732",0.123682411087712,0.071551204600257,0.0861368330889397
"13306196278",0.18175626126032,0.108797842381559,0.255988311494462
"13306196652",0.668744008109521,0.494582947563605,0.525574968108932
"13306197396",0.329891046823296,0.600082557578021,0.474343906130964
"13306200100",1.46105571448682,1.00401054575629,0.911780570028345
"13306200573",0.534870897159703,0.564442287327949,0.394652695013326
"13306202636",0.912990106580249,2.41342767533839,1.49314843626769
"13306202956",0.80691238948517,1.89418762030903,1.49809983256041
"13306203106",0.453741142116842,0.776046712195725,0.356430851704799
"13306203701",0.52365848965042,0.396464229959161,0.531921532801008
"13306205620",0.163027948947042,0.287680561750142,0.591112234958577
"13306206310",0.477325599594427,0.259805276586366,0.180373490381121
"13306207420",0.648341695289502,0.25272493919227,0.226129016850798
"13306209840",0.196237577420152,0.89510690122833,0.659142662074828
"13306210000",2.66925829505787,3.31070781199899,3.08105157729343
"13306210033",0.707508276730654,0.840748991245581,0.589587726037084
"13306211074",1.02609148812461,1.28754513453926,0.812027512582313
"13306211520",1.32903991360721,2.17107850906081,1.19118152636339
"13306212328",0.957561268567451,1.14089096124622,1.09983175830951
"13306212877",2.66121303475423,1.78632893003733,4.27023535527979
"13306213672",1.92937973963615,4.00571438444443,4.03710187025381
"13306215230",0.372445434756722,0.519347648582262,0.475354255585962
"13306216324",0.247095047966959,0.418755907253574,0.593112746981265
"13306216738",0.736341651102681,0.706629485880448,0.620139629561784
"13306217590",0.304555483693984,0.256112273025833,0.206536787631767
"13306218436",0.622966494319445,2.29197802303122,2.23272008323288
"13306218824",0.888751659035536,1.02302267157916,0.714733153393113
"13306218860",3.53094884913392,7.11780580225955,3.42694773469535
"13306218958",0.607230366009936,0.565974566531975,0.582271909965512
"13306219445",0.356750466328439,0.691245162066579,0.675201565908923
"13306219831",0.578255998635856,0.670635288444089,0.219452818805474
"13306221131",0.232515274499484,0.323116365197152,0.504205876533916
"13306222882",0.221832728748307,0.414590366906162,0.414600642423204
"13306223114",0.632614701748665,0.546473705108071,0.638918030385172
"13306224345",0.638721659552785,0.640604060905507,1.32521570190632
"13306224399",0.3340051455402,0.10289643332665,0.101805468425143
"13306224734",0.492910530566383,0.370831864945149,0.756103927787701
"13306224974",0.790455564993,0.804963898931615,0.518704449793486
"13306225038",0.903566150634447,0.407627401653892,0.388964426579746
"13306229488",0.341664628990642,0.471460598498864,0.34833362910009
"13306229759",0.17079057149585,0.155825939679418,0.148730245345176
"13306232859",0.444891181303936,0.636691288961107,0.765231409106798
"13306234678",0.206781265040115,0.206133200435452,0.375882450359102
"13306236900",0.758802296961666,1.12589252445497,0.862350025287185
"13306236980",0.388826752141692,0.285577130338347,0.562094594726021
"13306237203",0.911370019540775,1.02650749049413,0.348798509060649
"13306238106",0.232515274499484,0.323116365197152,0.504205876533916
"13306240109",0.38870713526444,0.19443013781281,0.179033435086109
"13306240959",0.568359585970564,0.451975044144545,0.429228045745179
"13306241230",0.547267380301398,0.956129522556899,0.815114093765575
"13306243549",1.07823397907457,0.694096047905138,0.612781937004839
"13306243843",0.393526714561417,0.983679379472232,0.625611478489166
"13306243877",0.675821556528325,0.890576489906502,0.978433574570823
"13306244396",0.301958621724147,0.366963505515174,0.719199112983862
"13306244811",0.388835949881717,0.768516298931516,0.5417246306479
"13306244977",1.5235400720121,1.21307363881777,2.22581064370741
"13306247873",1.42913805842406,1.69811280322203,2.52882056289961
"13306248116",1.10748050992324,0.935189448955738,0.522842667588345
"13306248484",0.457597862492772,0.166530575178144,0.329447906846984
"13306250742",0.280567746487087,0.47703110756329,0.491291017054905
"13306252952",0.534870897159703,0.634798515362322,0.392779411806244
"13306253860",2.35689702981194,1.84779675543405,1.95726563760572
"13306253921",0.613141136103972,0.259154244938072,0.829156344070999
"13306256244",0.982412587212712,0.678599410296973,0.414783740948625
"13306258412",0.142181992086323,0.615246355305154,0.518080567869881
"13306259103",1.24041810133431,1.33372078704655,0.964827852543817
"13306259202",1.08536202222122,0.981498075286569,0.748782795274059
"13306260119",3.78458929647876,3.70584732202922,3.16333190169784
"13306260728",0.24511356559373,0.528220191380726,0.606072718753632
"13306261699",2.46648907228475,1.1736778899301,0.863432773443753
"13306261860",0.114473324325986,0.358363429830914,0.508227432359002
"13306262347",0.984880297665201,1.59033845123548,1.12272911479601
"13306264611",0.538870885413607,0.820791474836714,0.691884189602523
"13306264790",1.00217815747278,0.526734207835758,0.580510796988346
"13306265191",0.680616599682207,0.405524753143899,0.673700850861006
"13306265240",1.70860761769578,0.372077598541213,0.949183155362765
"13306265320",1.56102602578531,1.88308298674598,1.19079334106829
"13306267825",2.62695866413717,2.64624225312015,2.22204315182851
"13306269041",0.575055401841857,0.67885858296737,0.608392119580157
"13306269745",0.522979451214138,0.63466286268242,0.34857085990664
"13306271172",0.114473324325986,0.7307578850195,0.405216577475982
"13306271305",0.63618879999589,0.261584610449965,0.498884174094593
"13306271872",0.307433748684303,0.360624266683755,0.252738352726959
"13306271947",0.878360660003689,0.455297268535316,0.995627769971648
"13306272291",0.330479279755334,0.72034575676319,0.994458073856631
"13306272294",0.480866726387309,0.503501127434252,0.456926125881297
"13306272816",0.251755765602661,0.559375447541387,0.409484458313101
"13306277141",2.7730162337343,1.33885290101277,1.33132976750124
"13306278249",0.409770503031304,0.402526316913707,0.47595990919064
"13306278605",0.277647325643714,0.888564432955165,0.613183642043126
"13306278699",0.391798613503483,0.457358749078028,0.997214544659783
"13306279720",0.804148070813722,1.05105301669073,0.841570958312263
"13306279770",0.435488868480627,0.621211346145118,0.979844133602826
"13306281127",0.90289454422618,0.729923257062624,0.396857619090453
"13306285586",3.04655222404376,1.02902323907038,1.36856459522253
"13306285932",0.448155576191861,1.72229815073981,1.99452881879147
"13306286465",0.597383871977734,0.777217547087516,0.954982869641758
"13306287950",0.61950837255865,0.326514433761331,0.7736335017109
"13306289855",0.364259313778482,0.664615021090505,1.20294786567023
"13306290387",0.550004160283789,1.25741888532601,0.890762953788506
"13306290958",3.00670035432783,8.03950774017374,3.66597786058803
"13306294187",4.02233963493387,NA,NA
"13306295853",0.266273452004025,0.686662935075106,0.621832631747866
"13306296970",0.388835949881717,0.768516298931516,0.5417246306479
"13306296974",0.296582786956175,0.505120981364723,0.887500068639814
"13306297629",0.703249971046155,0.954664156310914,1.31228194020139
"13306298323",0.684543168382005,0.502355483785107,0.829027910000106
"13306298563",0.421964556536325,0.337751801424155,0.977845642845589
"13306298672",0.467738290705525,0.35823244601578,0.457374770813298
"13306299373",0.813023653978623,0.403377661020674,0.758820712146767
"13306302314",0.705838803394408,1.29091275944677,0.942162493742886
"13306304041",2.83420714064613,3.08897816386869,1.58993215717593
"13306304094",1.02077523633152,0.786210867721825,1.02052076167308
"13306305854",2.28767427222002,0.874298460962867,0.884644600997273
"13306306291",1.15389139275535,3.31907586065018,2.88565543335633
"13306306725",0.671495088984405,0.506216382637634,0.775386547352787
"13306307075",0.306956209444962,0.455250753114142,0.558333770693087
"13306307599",0.313038427328855,0.727057393814462,0.597660772807128
"13306307994",1.04269140626043,1.14518466940132,2.47987633912086
"13306308037",2.26705412786564,1.70557685638567,2.17088853532067
"13306308820",1.2032645830291,1.53682331138348,1.09116789009236
"13306313847",0.450033212395452,0.579473879057222,0.732654583486763
"13306318961",0.401681367891198,0.320616294547079,0.365785232047895
"13306319325",0.305094660770741,0.156275212214537,0.223116923689186
"13306319611",0.569584752962509,0.642507385603594,0.755110193154019
"13306320159",0.65598370230197,1.26967925772322,0.370018580585906
"13306320604",2.38905473170141,1.60049486945118,1.39715613522536
"13306324383",0.70039850338885,0.32715067005711,0.217214279312791
"13306326045",3.27686528769733,1.70045072544009,0.931384023065992
"13306327099",1.67815640290266,0.603437404554366,1.20059378784761
"13306329485",0.38870713526444,0.393718095739239,0.341972039387347
"13306330995",1.18105551002763,1.39722737445107,0.903366160711794
"13306331607",0.286853047123262,0.523025651193136,0.808146838856558
"13306331806",0.459259010776192,0.481760562213284,0.303650569262837
"13306332784",1.19196803724127,0.81533112973995,0.371179173199097
"13306332905",0.364496108249876,0.246080218097271,0.162139167150469
"13306336027",0.436648665077747,0.441506458372706,0.40805170888724
"13306336914",4.87171210705193,0.605819702600833,0.332543125942406
"13306338077",0.887721149492904,0.935357991408822,1.17874764077628
"13306341650",0.42731452819259,0.419963683273553,0.294862677610324
"13306347579",1.16945333785578,2.63001007013239,1.62460683051316
"13306351268",1.5118267487472,1.19937163191352,1.92950288945202
"13306351805",1.68587562214967,0.852879446276797,1.24019874105057
"13306352674",1.78389472976378,2.98233973370907,2.59749608910821
"13306353479",1.5607496756176,0.554972457612896,0.212287863712745
"13306354992",0.497287868788274,0.460781802263125,0.228879734396579
"13306357062",0.250422186947026,0.191620043941012,0.335670551515533
"13306361196",0.315423832374675,0.353249144871148,0.579756382607314
"13306362398",1.04060819759113,0.83321304258404,0.792241739810591
"13306363512",1.65721880654499,1.45258718409521,1.56603360159266
"13306363554",0.854759190806305,2.52864570605595,1.5323820766182
"13306363622",0.64030362153424,0.653090799823792,0.730833619527966
"13306364809",0.383508736508703,0.544300092107416,0.350290699759022
"13306366264",1.1352988975165,2.57621125028397,2.65825312781805
"13306367955",0.145165365707822,0.149920230864958,0.163617188423436
"13306369030",0.484261066601217,0.772122599920126,0.791684558138677
"13306372250",1.68603611167093,1.25720565034961,1.0064100095564
"13306379510",5.41462828677982,NA,NA
"13306380486",0.421964556536325,0.233027555996438,0.803161933529692
"13306380557",0.396871054094626,0.991267463467472,1.48285069141247
"13306381585",0.422592118394881,0.277561647026563,0.400286457894153
"13306381883",1.56722105825997,2.9697680868188,3.23470542761612
"13306382693",0.807831740703087,0.444803862682782,0.508213041914046
"13306382731",0.114473324325986,0.187817037536706,0.232566375643796
"13306383140",0.713104695685356,0.446126244781985,0.279049404875638
"13306386305",1.09553985911188,0.648075782352524,0.516200988828529
"13306392153",0.229775067159505,0.214656355961089,0.193014284427886
"13306393704",0.401669284513545,0.369332441739856,0.597364848378575
"13306395056",0.58152096483755,0.517744005660282,0.512032632738699
"13306395087",3.65153022440375,1.70470788892203,1.5110280523551
"13306397916",1.1135779192891,2.90472697530299,1.55768449493629
"13306400070",3.07419339613831,3.20193472043804,2.48869542584041
"13306401017",0.866543203858315,1.21394470843367,1.44777991628057
"13306401929",0.71206614568383,0.669995413823265,0.554862187954289
"13306402892",1.8414894525814,1.01566452113169,1.48045956719521
"13306404204",1.30323326497558,1.02992073811325,1.68164711029913
"13306404995",0.423968411437197,0.485506946367,0.991354518466161
"13306405504",0.497243944677218,0.533768602534053,0.621055715889417
"13306406170",0.44239248796088,0.573142247770629,0.37045868913115
"13306406542",0.369950307501416,0.2745360500514,0.147198659695892
"13306407014",0.878360660003689,0.572512404508934,1.02101082036522
"13306407153",0.964768643194682,0.27664793599882,0.477785827848639
"13306409970",0.536939166646162,0.563838699961586,0.940904274822001
"13306410609",2.12862155802539,3.0639828039626,2.28033313646533
"13306411207",0.441040147242806,0.261666052884644,0.315899088302011
"13306412553",0.411754880580159,0.471301618746653,0.928113288681849
"13306413756",0.646820985002859,0.303134109905425,0.790908577223914
"13306413831",0.308212891714234,0.483314265361665,0.809856803969615
"13306413909",1.61708167585298,3.45581406205569,2.78463728756118
"13306415014",0.123682411087712,0.408243228318885,0.274925394157503
"13306416976",0.219766866964416,0.259487481568899,0.599846696306436
"13306417550",0.445597440316167,0.628847614778152,0.44794114800214
"13306420584",1.70165411066726,1.33516276252401,0.981766266374559
"13306423161",0.512965279228192,1.04596083760839,0.84028185116017
"13306423724",0.342925247864132,0.553376572345248,0.33487561179715
"13306423824",0.210578031047086,0.416756558006858,0.19289730160876
"13306424447",0.465018770926579,0.740297414893926,0.456253743943518
"13306425230",4.02233963493387,NA,NA
"13306425405",0.200720589500969,0.284390530852847,0.373363714060856
"13306426116",1.10025995858965,1.05642939318349,1.12978558304326
"13306428098",0.527444487518127,0.333176741079944,0.434591031104852
"13306428432",0.347954182685473,0.537861887450163,0.388170818466361
"13306428812",0.722857910776306,0.615909507765076,0.572707921432913
"13306428931",0.435310884574893,0.772809047042345,0.863279768394137
"13306429375",1.36935425741082,2.40039566066103,2.95057401618828
"13306429705",1.20483823094315,2.17715664148235,1.97201574225738
"13306429846",2.39949498301433,2.85300385122063,1.40748695939942
"13306430427",1.03262482539862,0.866094174710366,0.65636802008486
"13306431169",0.766898065204827,0.736579905573758,0.807957495664214
"13306431418",0.37020880880532,0.534950513550436,0.514090131912691
"13306431684",4.02233963493387,NA,NA
"13306433921",0.965255397504903,0.652302499146942,0.885994178663885
"13306434608",1.68041040063502,1.23614790151299,0.756582897158493
"13306434755",1.20984382479469,3.59657609807822,2.78426067922792
"13306435191",0.866172258452259,0.458962893364585,0.663052877424297
"13306435623",0.766407213633957,4.62680822745481,4.59834497066405
"13306437009",0.114473324325986,0.286002525727785,0.221889058681169
"13306437792",0.194610539127496,0.0530160960524795,0.13249448426891
"13306437921",0.396030577268687,0.452544100132961,0.473442761723194
"13306437949",1.20513093517213,0.893666583823814,0.696285443451085
"13306442085",0.741578993822067,0.743240213269672,0.570433450021323
"13306442295",0.24802497197261,0.115994295655517,0.422531933578126
"13306442328",0.54975086410015,0.626532824274689,1.00682043165403
"13306444857",0.285257733386213,0.608291429855647,0.332217584279714
"13306445690",0.643437513627513,0.697606450774633,0.265404457704894
"13306451627",0.698795217158744,0.424353877168751,0.726077274379306
"13306452056",1.66479697056475,1.22980495445215,0.863509296154193
"13306452525",0.448510698795321,0.762988885027168,0.434192489825197
"13306453533",0.328683812385941,0.488108081056792,0.846611731122428
"13306453733",0.156492193055141,0.329015473338668,0.370341536851797
"13306453753",0.665649347463819,1.11241950613283,0.538548558058887
"13306454698",2.58528998220166,1.41968066133048,1.39457386709675
"13306455014",0.458101535056726,0.291041061552953,0.603767577196089
"13306457888",1.29037474431368,0.706469355022886,0.535572425297501
"13306458447",0.90289454422618,0.909629994594401,0.459782271094207
"13306459327",0.448991500556376,0.332820009437692,0.46524604408348
"13306459411",0.769605905164433,0.864420531775354,0.605860870706624
"13306460594",0.254448080347752,0.766419916205326,0.428050371822424
"13306460989",1.02609148812461,3.91235865150481,1.22701015139438
"13306461628",0.114473324325986,0.029096995010703,0.0506948747605062
"13306461828",0.307114888955497,0.348020182737383,0.436614474351462
"13306462054",0.480379384575843,0.726346083991338,0.733726782802719
"13306463541",1.66872180816494,4.40579281949326,2.38789502303149
"13306465614",0.321373818579584,0.314942817276656,0.445633820428984
"13306466298",0.947945910412418,2.35913673537621,3.12264844728854
"13306466410",1.89473004436041,0.990428259367261,0.974002707810714
"13306466669",0.15224666683377,0.24252038312729,0.242340679641259
"13306466783",0.865559555766309,4.11876246548767,0.297492485582758
"13306468382",0.834725425521518,0.30165816080618,0.543133563735062
"13306469632",0.114473324325986,0.0989241962666948,0.199846468219364
"13306469789",0.256265626363929,0.286550285340546,0.217402406384585
"13306470644",1.26143835852979,2.84371640863818,1.82057957500861
"13306471642",1.05980831152255,0.926773599271444,0.632963702041834
"13306472814",1.11910536853072,1.04902772599389,0.936721634762408
"13306473185",0.266273452004025,0.686662935075106,0.621832631747866
"13306473231",1.83860651078694,1.19854211546318,1.16128412938165
"13306476591",0.278365077792609,0.536482250776276,1.48171861546255
"13306480259",0.328151351280536,0.42521055757009,0.497523122348757
"13306480550",0.390751131307174,1.6526017239485,1.363969414511
"13306480987",0.930601722095268,1.26107087809565,1.34201544578058
"13306483981",0.797389827449794,0.843465820909361,0.710862001470827
"13306485760",0.815502214050362,0.796712854746732,0.96812688321106
"13306486727",0.114473324325986,0.149151456623721,0.214133504198111
"13306487414",0.835764378661284,1.41068915402594,2.10787747440445
"13306490184",4.35453125967324,0.488221802963607,0.499730903614292
"13306490261",0.90289454422618,0.502089744188428,0.465679250449453
"13306490830",0.780325007018568,0.780157478583011,0.650540316535218
"13306494533",0.477991875553393,0.259805276586366,0.180373490381121
"13306495053",1.20483823094315,1.58186163592181,1.65277974615981
"13306495256",0.408947655897838,0.551851564627068,0.668397218139941
"13306497364",0.523679463345872,0.373777816547762,0.561890588785099
"13306497705",1.80577904784613,3.50663625766326,1.75571426538452
"13306498607",0.790455564993,1.01146603327903,0.716263253072884
"13306499869",0.540538712122359,0.533317931678129,0.556629461114744
"13306500074",0.267769559443297,0.317603101736174,0.401324279048626
"13306500451",0.524822266132776,0.625833528688652,0.36122633326313
"13306502793",0.857417576236166,1.24366927138564,1.14524098444921
"13306503513",0.788704218835684,0.533947047780208,0.553882466822994
"13306503677",2.73893531660412,3.92165260151858,4.93369000653997
"13306503688",0.402707994766258,0.332936967452221,0.533777905465148
"13306503813",0.757511434776481,0.171996845560911,0.296535052073901
"13306504608",3.31641771022927,1.02909330768929,1.40813924289715
"13306504675",0.82139987762616,2.434564278936,2.04977432312439
"13306505257",1.10872507512024,0.433141326765287,0.486833712268939
"13306506961",7.01961056570163,NA,NA
"13306508185",0.589995656770461,0.288218432215738,0.4411464072732
"13306510145",0.823388251022372,0.540435342341273,0.404581641537008
"13306510281",4.87171210705193,0.742133220666568,1.84161377377649
"13306511867",1.62657709542348,0.665580270907325,1.25867064954203
"13306512433",0.193992710977312,0.318999736824261,0.728576281318928
"13306514638",1.74447925291158,0.763471011133985,0.715963181808787
"13306515529",0.607462206954073,0.40948989867858,0.506312074776709
"13306515846",0.170810345927143,0.296450354909695,0.561374337030339
"13306518048",1.03347919983156,1.30052372567803,1.17332759948868
"13306518868",0.271915769965751,0.417194219528156,0.284611464961286
"13306520640",0.784063502659996,1.18181747673777,0.781020761815756
"13306521302",0.96698503268936,0.800510201208927,1.03430416075859
"13306522647",0.646098776547711,0.386562663656573,0.739595176705716
"13306523900",0.436648665077747,0.618376898350759,0.392372732924203
"13306524261",0.894081168259302,1.13230920097797,1.17623498643005
"13306524905",0.243360997360514,0.106991207452807,0.0961082455354648
"13306525757",0.533820658377498,0.304654184157071,0.29788661798774
"13306525936",0.448510698795321,0.503770475256886,0.29334675128882
"13306527528",3.58628736147056,2.0687795187872,2.38054855611397
"13306527712",1.1389467853633,0.75610939306135,0.63008602213653
"13306528218",0.628932541504865,0.353244862929576,0.686567739858818
"13306529144",0.565377250204947,0.98840695880679,1.43778976657032
"13306531123",3.7602857354578,5.09890236821736,3.26036195932142
"13306531852",3.24184768663595,2.67207286199184,1.65788766030186
"13306533600",0.642361725083257,0.517541676140525,0.457595350972305
"13306534167",0.326083848572525,0.783313153483934,1.21657148306996
"13306536512",0.773158255932647,0.840672716885316,1.68458983178417
"13306536994",0.58895855860906,0.50581004313816,0.600387537179663
"13306542869",0.453741142116842,0.567126701053981,0.288994220614711
"13306543980",1.30292967045871,1.41686788044749,0.618662987129673
"13306544065",0.152082833234926,0.689048563872732,0.282768996184066
"13306546503",0.569584752962509,0.4493897156672,0.529365814844677
"13306549938",0.528665100066719,2.44044714276984,1.44570056435311
"13306550152",0.873776937729287,0.0589430579351388,0.394079244491464
"13306550267",0.383508736508703,0.600226358607382,0.421195163408841
"13306551893",0.460009675271996,0.355676262553356,0.33167461843871
"13306552010",4.87171210705193,4.42799629302083,3.32390094079805
"13306552704",0.688235849389578,5.41886688753437,1.0149832226448
"13306552942",0.357048508453822,0.238768986171223,0.531822895369212
"13306553483",0.316543002379131,1.11955899704132,1.73895650637136
"13306553539",0.488207913310533,0.614491692253883,0.612433068455851
"13306555326",1.0808322050894,0.787099275221521,0.290669289091167
"13306556502",0.63589129661741,1.12672935506414,0.670601586985342
"13306557527",1.04074627490641,0.366558179521866,0.672558853543407
"13306557636",0.254100085580028,0.350644774789112,0.544234664973079
"13306558298",0.285257733386213,0.608291429855647,0.332217584279714
"13306558565",0.530125263025012,0.707773299964258,0.40765092560007
"13306558735",0.775063601930101,0.883856964914412,0.819616265714502
"13306559210",1.24029208097659,0.955956309123651,1.3441883223317
"13306559255",0.208261359289632,0.0878961465831876,0.0949279315191509
"13306560094",0.386160998061464,0.519376988099933,0.500602475320544
"13306560402",3.81897532016587,0.927804647701439,2.40932606622479
"13306563803",0.825400416234628,0.993027289185612,1.20524356672493
"13306570535",0.447086922180788,0.272966507832798,0.327103643859378
"13306571945",0.699128159064193,0.593881834153804,0.789212393196493
"13306572569",0.352247760000416,0.296134556355314,0.487124276901121
"13306574326",0.19112092675478,0.312963795052999,0.473441957231784
"13306576646",0.426786597288251,0.552834485773965,0.615119474149967
"13306577154",1.24156255200212,0.975854699833026,1.00674686628388
"13306577440",5.15929307795163,NA,NA
"13306577501",0.675821556528325,0.767062597577042,0.915176667741582
"13306578939",1.93310221986587,4.49580958423415,4.59834497066405
"13306580225",0.368317422674535,1.89961047344769,0.737630419417912
"13306581340",2.51321460898115,0.887238914982177,1.16229065975522
"13306582144",2.06108603785733,1.33381230603988,1.78292659354131
"13306582382",1.11846442250138,0.438947628913192,0.439126370816826
"13306585539",1.42822525178822,3.52766488052265,9.75706479940735
"13306588215",0.917512313240341,2.01835194154282,1.513999890824
"13306589599",1.41818753256064,2.41069201031264,2.06652875343363
"13306590116",0.209703070946583,0.614162455004198,0.443739870003231
"13306590451",0.24802497197261,0.161094823699771,0.286482961167523
"13306590807",4.87171210705193,4.58497645832326,3.26747180746573
"13306592377",0.327854855821133,0.559721732657341,0.366850607670649
"13306592905",0.314160008904986,0.937846639179169,0.978881062043155
"13306593285",0.625869589627879,1.29252584312979,1.5859006103558
"13306594224",0.200720589500969,0.304143221143199,0.401937630268392
"13306594618",0.919379591599333,1.01477830853774,0.986982590354426
"13306594850",0.221185281732106,0.436737520702226,0.32128357159105
"13306595147",1.12270452620453,0.731624972917163,0.284215556015549
"13306595868",1.55545862000024,0.552835443635876,0.839029960873531
"13306596739",0.488537600961967,0.226941530606282,0.274775406608561
"13306597239",0.894370957138882,1.30949826722663,1.05807453382967
"13306597984",0.696148789015134,0.461441996770608,0.981813152329839
"13306599195",0.70039850338885,0.805815144885966,0.583857886801391
"13306599465",0.563054423247132,0.993026404314884,1.10006047954184
"13306599504",0.193575522541341,0.58024079161682,0.320210054446299
"13306599850",0.740285563572068,0.808804361659076,0.576023275601772
"13306601572",0.765135528115273,2.36031233415372,1.74776968581559
"13306601982",0.810179479170171,0.344842279998036,0.427776483420478
"13306602520",0.938762461372062,0.474385330309023,0.424060811932672
"13306603500",0.262834846274542,0.434073063936165,0.334916248667957
"13306604501",0.350880371569388,0.812868006900292,0.929759134024949
"13306604724",0.569930284037377,0.551097654803029,0.844955493872287
"13306605690",0.9431677669964,0.967190387407577,0.601947430099376
"13306608425",0.599744018744766,0.608436587378881,0.866559083537694
"13306609117",1.22791468694997,0.484555835369759,0.555329336755022
"13306609361",0.488034675249056,0.0982430067257919,0.314936537463322
"13306610916",0.531701708944131,0.663538451224006,0.756698828373
"13306611106",2.82055345688398,2.28255000626196,2.02050499078632
"13306612927",0.375475685303422,1.11245644691246,0.840498224700183
"13306613769",0.804109865123531,0.619821173058549,0.580399038967913
"13306614475",1.37171074257246,1.29836771537531,1.47258102381758
"13306616525",1.55309254491289,2.45752736342612,2.38627105123096
"13306618631",1.96169011588694,1.51148164264915,0.915680787407601
"13306620800",1.42353331446821,1.20986692897601,1.34145945535271
"13306624958",0.280021565013477,0.496174077151683,0.761206572935455
"13306627041",2.69997583309452,2.02408002994101,4.09420038010666
"13306629359",0.707508276730654,0.632692349417593,0.502704707266769
"13306630460",1.05587092796079,1.48165565200483,1.22368964832493
"13306631193",0.496486343082282,0.401728829886186,0.515166826190374
"13306632454",0.27932962844046,0.436414446928891,0.26981376564383
"13306633450",0.421964556536325,0.337751801424155,0.977845642845589
"13306637200",0.584507830591333,0.639738903084595,0.695330560539997
"13306638490",0.988718125653018,0.47871440212978,0.540581892744548
"13306639205",0.622966494319445,1.23919190967021,0.419308792831863
"13306639406",0.50162737297675,0.665185587803967,0.483004454743901
"13306639750",1.57053506807914,1.12945203827262,0.982415295419236
"13306639985",0.719143216093093,0.719934324396278,0.617287128782155
"13306641230",1.69702281168578,2.02177742607917,1.93704748972762
"13306642205",0.1249481568815,0.206133200435452,0.273361051782869
"13306643277",0.61950837255865,0.376299609797847,1.06483604688642
"13306644890",0.417599215537131,0.426202556485736,0.515915186298434
"13306644922",0.515183855873726,1.38977810769209,0.492204365391757
"13306648216",0.195708051177177,0.169915731176455,0.24439812310874
"13306648543",0.453741142116842,0.331669624268298,0.162416490894809
"13306651567",1.38778790082953,1.3762712614404,1.64309464680178
"13306651922",2.09609974917705,2.54406768294518,1.89288247593348
"13306652967",0.3273590099679,0.626095521534613,0.43190839978212
"13306653258",1.58169807163646,2.93449173111073,3.9587502100782
"13306654360",2.71067714113292,1.84555212291629,1.5676347425791
"13306655710",1.218992716201,1.08115033671777,1.19305228942363
"13306657028",1.74447925291158,0.431789543158258,0.417823177048716
"13306657620",0.527444487518127,0.400942719462356,0.485772352063548
"13306657901",0.896540343350263,1.68029268423303,1.49079678346088
"13306659724",0.555979908335548,0.0816511143185876,0.249629172600148
"13306660537",0.237296171253405,1.13699834744416,0.713117996201081
"13306661319",4.49740716067665,NA,NA
"13306661401",0.567689234555238,0.486547490828902,0.845966254496266
"13306661781",0.668555388270756,1.0445385573468,0.906818783617408
"13306663050",0.15224666683377,0.168912379005252,0.289197703829291
"13306663669",1.56982309616035,0.982712593537699,1.07089606491114
"13306663736",0.262031708258678,0.252494491650322,0.252738352726959
"13306663930",0.387562536692089,0.267494167771,0.333658878500193
"13306664039",1.31227791061836,1.39931522600357,1.4532990670589
"13306666520",0.810709535180769,0.240641745884804,0.380011167036024
"13306667576",1.09422633927871,1.00440922742666,0.963964886510855
"13306668622",0.244101341402688,0.327982429863252,0.850380317280905
"13306668689",0.490929309977903,2.00107252838068,2.37643488344489
"13306671084",0.578926008385171,0.769688221776738,0.989882111634441
"13306671519",0.523977226986456,0.29511093131875,0.441793307559107
"13306671864",0.790136126586911,1.55824136127151,1.03288623369486
"13306672213",0.276304306488031,0.387306135576556,0.687045349120148
"13306672662",0.139839386616783,0.203770957349834,0.628544913269263
"13306674855",2.70419947798166,2.45676427185152,2.26003117774012
"13306675335",0.489837224966064,1.26696176425313,1.29210336524399
"13306675577",1.84930755506811,0.812504552581634,1.17560257026615
"13306676832",6.21165314637923,NA,NA
"13306678883",0.131113214727482,0.219853801900988,0.315086473700694
"13306679754",0.374285310772926,0.346635560107279,0.462361970283463
"13306680509",0.382550069584613,0.720884684532741,0.973398444198667
"13306681357",1.29525882905082,0.568861355435785,0.896635965838522
"13306681615",0.53931345804944,0.747984297899268,0.825563943220609
"13306681743",0.30821800508164,0.602820708325652,0.512409914624208
"13306682882",0.485019756060677,0.670719504708259,0.752719824080205
"13306683246",0.639158585573605,0.922514166372622,0.937706717300271
"13306683316",1.18429329934939,1.79058101355328,1.86572320838117
"13306683482",0.397755379904413,0.501983168976564,0.304717056354399
"13306683648",0.507921524737609,0.375716424975589,0.330204439396981
"13306683692",0.370481052312217,0.797491813533874,0.497867701230184
"13306684441",3.14157765911904,0.861934194956383,1.3240954248453
"13306684774",0.36201819177022,0.657504174270015,0.944842499342502
"13306685638",0.305094660770741,0.116153458701743,0.178714107794721
"13306686704",0.832037423031849,1.25903553009677,1.78472348182007
"13306687514",0.583220703707732,0.741193666058545,0.741272932172345
"13306689159",0.953095167058774,0.758278475971898,1.1239191221656
"13306690972",2.8085842600863,1.66905947444301,1.80829251785512
"13306691329",1.14571689453251,0.796814363280371,1.38255560900758
"13306694005",1.84060332146296,1.07941059411181,1.0141782549139
"13306694048",0.199029044884899,0.531397654960231,0.218418684425245
"13306694366",2.17639198862483,0.91725868714702,1.40112059143715
"13306697363",0.221620470229274,0.421708430072769,0.556541027915103
"13306703747",0.337816859029659,0.0940138216935657,0.283488487722277
"13306704877",0.338792206229665,0.628655189799729,0.607123091346764
"13306705140",5.11910899753898,1.3454900299268,1.54808157630999
"13306706058",0.709490286495027,1.1041733655331,0.76695928092227
"13306706479",1.83860651078694,1.90951527135848,1.64336186164309
"13306707328",0.706249142273603,0.986050439062027,0.753063607082238
"13306707873",1.86502242988841,1.02134630604805,1.24637251581721
"13306709060",2.63435533734564,1.57003623078019,1.46349163401958
"13306709967",1.54912910039625,0.604556107472456,0.493891334445597
"13306709978",0.439499458436463,1.47497474125509,1.50264280972874
"13306711156",0.668414496013249,0.71740085593499,0.407332732004152
"13306711675",1.38778790082953,0.997066460481755,0.945952273468489
"13306714007",0.288236756863781,0.183394126743816,0.364591967573136
"13306716319",1.11780714091745,2.44717076969719,1.60547424181446
"13306718024",0.194610539127496,0.0761242442588717,0.13249448426891
"13306718539",0.369950307501416,0.491262483842999,0.300060730327261
"13306719292",0.41797583182792,0.297038733834694,0.509563550810108
"13306720049",0.757801421972335,1.39356131909753,1.07672436524431
"13306720523",0.488519728123552,0.679001672959072,0.359083848635464
"13306721066",1.46683942444556,2.90096422876552,1.22759000832644
"13306721652",1.85171291375716,1.24732297094695,1.34982135915597
"13306722435",0.244064079272857,0.422539219034284,0.256137474688212
"13306723184",1.02061222328731,1.6662524095726,1.56885779331284
"13306724718",0.160506776734107,0.103496945812092,0.278950529062986
"13306724882",4.87171210705193,3.2540730760598,5.13212555992423
"13306725130",1.09365692641486,1.25585449288139,0.78621658753512
"13306725958",0.250422186947026,0.0439580508805885,0.102526563562294
"13306726514",0.857417576236166,0.66115527482268,0.776040459337421
"13306727145",0.127484485843335,0.260013580706747,0.396026549764581
"13306728511",0.423197600813145,0.923404957947932,0.848689743821773
"13306729639",0.371907604890379,0.540588186418392,0.540372388107471
"13306729812",1.23274666569347,1.45070612959643,1.0926459449728
"13306732177",0.184781123027291,0.343045989647118,0.229568270238641
"13306733426",0.626947134820809,0.678428830912483,0.889220206271397
"13306734717",0.388835949881717,0.547996073330586,0.273790907089412
"13306735065",2.08861881930537,0.953530845660593,1.69289649581649
"13306735357",0.263818404762169,0.323578421994525,0.400249650539066
"13306735500",2.05738868527929,1.74099483210471,1.21819371408995
"13306738500",0.292573088553216,0.609911420386722,0.788320199583161
"13306738982",0.437315738465828,0.559787366018264,0.519992182723999
"13306739042",0.365329646808955,0.401064597800592,0.424204254582852
"13306742641",1.42272082449796,0.788595632880146,0.897580806017543
"13306744053",0.223698337524699,0.280670806270236,0.2985477471622
"13306744150",1.48546068204004,1.13067433333346,1.16364606903789
"13306744357",0.365850561861524,0.929079022162856,0.384671560173463
"13306746780",1.39521474543271,0.841927961672945,0.998161930054474
"13306747965",0.943341398234956,2.23139647328497,2.18579781561911
"13306749305",0.73488208169645,0.688641525067907,0.613650486691845
"13306751138",2.77961859223136,1.66678132947044,1.28849693325652
"13306751562",2.88767479582338,2.08067102026531,1.51637822479489
"13306751599",1.1291603455171,1.78056509461579,1.42026125554991
"13306753364",0.394090369369738,0.627017713281786,0.642112007267212
"13306753539",0.871706466750819,0.825044239386773,0.743605038659236
"13306753817",0.301231056453066,0.375211316262297,0.389973975520637
"13306754191",1.41723372257503,0.431179242723436,0.371169249203596
"13306754436",3.01443476805719,0.587724989392185,1.82219435943279
"13306754567",0.43526690506592,0.512216255066876,1.43292362642256
"13306755179",0.510092744400049,0.951188557516387,0.464828522019615
"13306756520",0.479806463551589,0.484624405256033,0.650660810042098
"13306756884",0.749040998479075,1.38878078416182,0.870421443432577
"13306760491",1.75552315033921,2.06590244607851,1.67876757324823
"13306761526",0.441165693753064,0.606964132334254,0.599886586577077
"13306761675",1.32618190947702,1.2682104266411,4.80078023168026
"13306762669",0.610911513260216,1.07205259657205,1.10370014376506
"13306764230",0.435488868480627,0.313698404889368,0.609640396626318
"13306765001",0.902396208216042,0.497369680117913,0.781314975388496
"13306765443",1.00039772749149,1.00651149353427,1.00204446007654
"13306765909",1.60639463141027,1.47459656225458,1.05684841805477
"13306766618",0.269068163605195,0.744753825792876,0.698857348127565
"13306766875",1.72497375626501,1.92920817975317,1.21410797300742
"13306767702",2.02592641178726,2.95607578473513,2.75628323003448
"13306767933",2.28789607471051,2.12880300924725,1.99898120614076
"13306768859",2.89536242469942,1.83307759265494,1.31570530186424
"13306771172",0.344919578971754,1.27364485600448,0.958083368068909
"13306771303",1.4930910706169,0.509277307985614,0.612798294217437
"13306772124",0.979109381680123,1.54655868871683,1.04597539145825
"13306772241",0.395604072851261,0.268879494070854,0.209893461929938
"13306773146",0.196954205032007,0.383541481116301,0.561331486324723
"13306773337",1.80263845198296,1.96287826135399,1.54348221678687
"13306774036",8.34636602516658,NA,NA
"13306774780",0.486770136113147,0.639504617929891,0.498686580506748
"13306777731",1.11780714091745,2.56231900820102,2.02482811437996
"13306777881",0.417599215537131,0.339752071013259,0.354078189944796
"13306777894",0.272320069194835,0.452809115623876,0.435622647866001
"13306778499",0.178446477121696,0.93602807557376,0.610378651837558
"13306778748",1.69525485951843,0.724022368592089,0.435582424981769
"13306779699",0.547899129635483,0.661476428372702,0.347712591742626
"13306780060",0.445597440316167,0.87498057610855,0.53106932235382
"13306780836",3.22880756168828,0.606534933675906,4.74333487019713
"13306781458",2.68325200551938,2.35941438941096,1.56024805806492
"13306781563",1.31579354528742,0.35507297728737,1.42716853136917
"13306782397",1.09663295315004,0.512497596063188,0.467523479423908
"13306782940",0.606465278338858,0.437276456262594,0.671574863510299
"13306783311",1.88847840706859,1.71825877109829,1.76067151371
"13306783468",0.173308150741359,0.436065162766823,0.399128799544811
"13306786061",0.254448080347752,0.518249409005967,0.262652573482319
"13306787055",0.443658158272939,0.40371965845816,0.954465096301147
"13306787283",0.776536166518888,0.599332782128811,0.386159123599464
"13306788369",0.72921125742568,0.603490259144585,1.01340816510723
"13306788460",0.853307772234238,0.748428566312609,0.607632020704418
"13306788496",1.50329314906919,0.842501605085926,0.875916773743745
"13306788621",0.815564060222264,1.58000854861263,0.719878039024461
"13306790260",0.317131925698173,0.66215027017944,0.592093078398416
"13306790486",0.177425351657455,0.345924987985973,0.352129257241125
"13306791281",0.655633894545307,0.777418362508861,0.383060049396635
"13306792239",1.10910952674024,0.412390458384823,0.452458885235535
"13306793678",0.445597440316167,0.737849230351405,0.459544045104375
"13306793869",0.441040147242806,0.302379840297742,0.233461190211274
"13306793949",1.29904609648702,1.06608221135558,1.06597129827682
"13306794591",0.632614701748665,0.546473705108071,0.638918030385172
"13306796253",0.477325599594427,0.330490810304538,0.262728492681467
"13306798608",0.654554824181399,0.375614848215282,0.351682258417096
"13306798726",1.15625452981275,1.18265454398615,0.963224973923898
"13306799590",0.325217392127076,0.431288615804829,0.241434957540559
"13306800157",0.367530925982119,0.87792591603867,0.862281243327468
"13306801708",0.244064079272857,0.425158730821064,0.221023368249014
"13306802291",1.12411676213303,2.10175143890377,1.19624431104366
"13306805487",0.79735126775623,0.577890332647303,0.904856285654573
"13306806499",0.190862848185356,0.767793817703372,0.587921152971103
"13306806678",0.497287868788274,0.431288615804829,0.241434957540559
"13306806956",0.272320069194835,0.832339578744965,0.758616164724364
"13306807771",0.357730508089276,0.539483702295947,0.955423177576801
"13306807914",2.54459543139219,1.67729566662824,1.51504904804278
"13306809009",0.601346749671147,0.823487474919956,0.672873575314064
"13306810146",2.20633588985761,1.07992800251474,1.45971408284569
"13306810813",0.114473324325986,0.294746596811331,0.444545393601418
"13306810860",1.02904509022731,0.632855310064273,1.06868296409555
"13306811535",0.114473324325986,0.26669824563339,0.227303151889736
"13306812335",0.570141425460532,0.895376722016355,0.818047131055267
"13306814682",4.10887427055145,2.67388072104476,2.04933928011019
"13306814969",1.88368781967024,2.9675302500276,1.6011552632962
"13306816482",0.390380281659913,1.83042221379739,3.02619089272366
"13306816532",0.555653804425701,0.249033445314629,0.257193175313978
"13306818626",1.8195294375086,1.50402076720191,1.44475894781353
"13306818632",0.573659482897724,0.270154069386402,0.239098549279503
"13306820251",0.867993189687956,0.609432556330174,0.816660244641002
"13306821500",0.607462206954073,0.40948989867858,0.506312074776709
"13306824078",0.56302201866341,0.562752607834246,0.873390866640113
"13306824508",0.468609741422519,0.400912235705933,0.463732766064183
"13306824766",4.01041923309551,2.87145921863892,1.80333167908648
"13306826792",1.46527516443813,0.852411762958841,1.11035219009869
"13306827686",0.155047207034378,0.329348311112938,0.4187125303849
"13306828289",0.460009675271996,0.528685224150605,0.43563593064659
"13306828553",0.745997405315609,0.999957905093656,0.754292213145766
"13306832573",1.73392267934343,0.483885526600647,1.19353558106112
"13306836509",4.8718553417389,1.87075702757858,1.87080978210719
"13306836953",0.666202977714852,0.394576835687682,0.420826664395217
"13306838646",0.43526690506592,0.495901471714906,1.04934668418701
"13306839088",0.788704218835684,0.0790763197263104,0.238872396657558
"13306841475",0.703573960660939,0.343253674618929,0.383049595283527
"13306842400",0.480866726387309,0.503501127434252,0.456926125881297
"13306842760",0.858908793454803,0.498028418001261,1.13255782086672
"13306844838",4.42920695111335,NA,NA
"13306845824",0.555640668121423,0.175967705437126,0.530307414825188
"13306845915",0.586146371548642,0.218529126661313,0.436990561033306
"13306848091",1.26299898763839,0.617518697039478,0.563765673037131
"13306849071",0.238511470193694,0.222307279813936,0.291433655518059
"13306854592",0.482708971211873,0.591448898592905,0.561975535308363
"13306855864",1.81954870920039,3.0007390967978,2.7843001014321
"13306856654",0.25990998370871,0.574204510280256,0.413912808901978
"13306856683",1.01958696525938,0.534589003764054,0.596375095422037
"13306857158",1.23218349686979,0.489147320000898,0.38993918846967
"13306857760",0.741287788423616,1.33867515351595,1.93294385501194
"13306860871",0.263694172134546,0.350157231301703,0.465227472006539
"13306861151",0.365850561861524,0.283814082841922,0.147198659695892
"13306862345",0.364496108249876,0.364415775274149,0.411322745537516
"13306863794",1.99861020441182,1.39742546596979,0.871671955600971
"13306864977",0.339240683048114,0.334544376150095,0.642455018832191
"13306865112",0.94338458238476,0.658442674677478,0.97409834588107
"13306865176",0.436648665077747,0.465996239487951,0.335085788088694
"13306866875",0.397868653911668,1.03976035293053,0.63458012914657
"13306868555",0.232360332457776,0.461916361027078,0.391733855072983
"13306868641",1.02083813141141,0.720345547458099,0.935783146123601
"13306869330",0.322345964947103,0.319213742726127,0.464912475910406
"13306869907",0.333056408891303,0.822331313115873,0.764966148116244
"13306873468",4.14671331835755,2.96332031389245,3.6589369152255
"13306875244",0.650373035889884,0.64827974295425,0.451341212443417
"13306875801",12.2600830348264,NA,NA
"13306876664",0.315509461411195,0.718473507228407,0.757146834649237
"13306877118",0.507921524737609,0.267778836438248,0.262046064176442
"13306878565",0.307433748684303,0.430255214533761,0.275954234410826
"13306878683",1.65646343075658,0.68745256526249,0.505303888614313
"13306878934",2.29939799146095,1.41044087989058,2.18066583792967
"13306880161",2.64812253880515,5.08086858101232,4.21005031143899
"13306880844",0.643580239064431,0.403706913801907,0.83845597957701
"13306881566",0.479245605708557,0.760613972428341,0.841146059735698
"13306883445",0.478058972908351,0.619842067823056,1.08206284961
"13306884818",1.09567328237638,1.27669051906529,1.44026305766261
"13306886804",4.23833390111611,2.15836833310672,2.01132996837575
"13306886932",0.533820658377498,0.375513597272164,0.362070856013783
"13306888187",0.698795217158744,0.261526253818169,0.54659328081496
"13306890921",0.37969248730346,2.00130547700597,1.49773893345064
"13306890925",0.257178588492226,0.430346201690956,0.429719200763939
"13306891581",0.907005280359731,1.30059009833144,0.782802291805892
"13306892304",1.34679851724876,0.53883551906197,0.853945825029291
"13306893537",1.44926882993979,1.79396627801787,1.93010467890624
"13306894932",0.208367796702234,0.152225689522579,0.229542038402345
"13306895472",2.70419947798166,3.3963611995359,3.00412805758232
"13306899139",0.722147571474849,0.348682052311246,0.346948534409052
"13306901290",1.59659858815262,0.98309447744937,1.39269556485529
"13306902888",0.384419525828323,0.28840510909,0.452872563903691
"13306903617",0.349762730511411,0.387207082036544,0.403903708352177
"13306905103",0.657326511776688,0.466952276618066,0.576716331895681
"13306906800",0.603112581889965,0.490671515353402,0.450690032113624
"13306909251",0.823964145466018,1.24185035267077,1.87476178872398
"13306909388",4.38502105086187,4.812616164874,4.57948442843023
"13306910002",1.48925307903874,2.42394572291922,1.64969668045567
"13306912213",1.85790135877541,1.54336064051409,2.66131479996861
"13306914041",0.863703649666519,0.40948989867858,0.506312074776709
"13306914145",1.75619309979322,0.55613381624915,0.783795120060035
"13306915754",2.11844135494305,1.25047952131668,1.76029486168278
"13306915929",0.633273053933343,1.40470138360352,0.984081698895658
"13306915942",4.87171210705193,3.2845893634377,4.5418829983694
"13306916278",0.114473324325986,0.169510338566531,0.1644204603922
"13306916405",0.790455564993,0.921872045711623,0.524166025552943
"13306919584",1.05196920030835,1.20410689112458,0.763615291996904
"13306920571",0.302803219639304,0.206420921769306,0.505038152889868
"13306921073",0.375132408468866,0.42174921882911,0.43476536921182
"13306922145",0.330479279755334,0.47674981816169,1.33114209101001
"13306922652",0.276961771433964,0.221004460025127,0.672423792501072
"13306926976",0.304555483693984,0.359059565194614,0.259616632196009
"13306927567",2.07952672677759,1.70533732609865,1.42668111610665
"13306927930",0.295892345050945,0.462505212558611,0.5374600671028
"13306928584",1.356851596775,1.15156024346567,1.24639901680344
"13306929057",1.5784600215252,1.09783848313879,1.19023083539226
"13306929963",0.57220285248392,1.75164671705729,1.12322228810719
"13306931853",1.86058821478426,1.17657777838988,1.20013195088061
"13306933066",0.12630411715634,0.35533063523511,0.220022562078117
"13306933095",0.243727478339099,0.305802383668911,0.354307969156009
"13306933106",0.523977226986456,0.252177470596566,0.668777857167562
"13306935833",2.59249106844316,2.43817563757209,3.40318006149728
"13306939958",1.02609148812461,1.19541396078938,0.893853155678141
"13306940314",0.458990184977908,0.810625449290976,0.776064792622531
"13306941325",0.813518090941381,2.11969390090602,0.766616025630396
"13306942319",1.40678529695596,1.63771126326174,2.19515978329318
"13306946020",0.344855660173812,0.278967536935328,0.469391523562637
"13306948105",0.43526690506592,0.603058252458944,0.532687720035827
"13306948208",1.61624647821313,0.320471578114356,0.360610610168713
"13306948501",0.204182445941069,0.655209992175536,0.386027886976057
"13306948894",0.642501629957045,0.605685035009035,0.363879006121477
"13306949531",0.640971142567043,1.19351759979127,0.647623933727039
"13306950935",0.453741142116842,0.291265232647296,0.160840345061116
"13306951138",1.53907149041626,1.9052824325826,1.86519649139704
"13306952155",0.609741016193314,0.678531157854812,1.09272929243499
"13306954370",0.777433365827713,1.0908642109414,0.877053878846358
"13306956879",0.576592432834377,1.77775502128854,1.15973622624699
"13306957079",0.964453065005939,0.698595822618853,0.596280870271919
"13306957083",0.508930897287468,0.558925896504793,0.697108793814895
"13306957444",4.87171210705193,2.43924117057226,2.63932865652962
"13306958284",1.68571346546932,4.53036387343871,3.41871455242148
"13306960616",0.338375434830742,0.19910362109425,0.139220182842714
"13306962269",0.36086318800049,1.21690725684202,1.17923299140526
"13306965703",1.42913805842406,0.75794708507228,0.765112498683371
"13306968649",0.785318811742229,0.544440865286599,0.577754318640329
"13306974787",0.534870897159703,0.735804636247529,0.611576764894754
"13306976300",2.22220014476982,3.15033433650663,2.14971502202766
"13306977137",1.41276186585298,1.79909087164139,2.38972641784809
"13306978762",0.4576403218824,0.262318995108367,0.299924183539076
"13306979059",0.336858513940041,0.411378442485937,0.510531137278252
"13306980889",0.902165628258473,0.777360245308883,0.478338037311465
"13306981177",0.745644242808397,1.68861419013926,1.10677231593334
"13306981817",0.574304115114596,1.04343743480416,0.829783767629158
"13306983929",0.831042909555083,0.399563230260469,0.489446786012743
"13306984823",0.59488195206804,0.472946004798402,0.374449478602856
"13306985920",2.6598345128161,2.46121274622144,2.21053620249985
"13306988700",0.42071867465157,0.948500685377118,0.833268460697112
"13306990753",0.642434708098536,0.35383284494793,0.162961499535788
"13306990882",0.676711293079856,0.498028418001261,1.06080239568875
"13306991577",0.45170256687713,1.35283304682836,1.69947177164318
"13306991645",5.11910899753898,4.78077279981017,4.37391269192345
"13306992384",0.784448584300703,1.82988890845894,1.49537101824973
"13306992464",1.11827802336533,1.02560590641835,0.507225703047045
"13306993211",0.569826277696858,1.03458038903066,1.33148975447022
"13306995128",1.47872074022868,1.3310686704054,1.37672824993099
"13306998774",0.906367250092047,0.795475169958558,0.423727266953184
"13306998776",1.18800447829338,0.514425395761163,0.67888133802298
"13306999329",0.408603975355876,1.2940974209593,1.08372075148065
"13307001495",1.61207993636218,2.00832428251644,1.71166094318802
"13307001602",3.89327022983739,1.10606868840017,0.914001359426431
"13307005961",0.276494467684077,0.526826580482123,0.565338381510894
"13307006336",0.464829990948088,0.549103959740579,0.305834965378699
"13307008056",2.68860729299132,0.563546850608016,1.10896662090238
"13307008205",1.63947653862711,0.79117043066137,1.25547240161592
"13307008876",1.00628297901658,1.0458376007082,1.69664046768604
"13307010361",0.388208977405703,0.777415368953768,0.518594900800425
"13307010846",0.279993190068217,0.623635387611344,0.441207427075287
"13307015762",0.458777526813904,0.909204468360955,1.43872770539085
"13307018272",0.50569883411953,0.697607721105988,0.929142813386437
"13307018775",0.67265110801274,1.1369380412785,0.951635884323581
"13307020674",0.356713915767512,0.0344125635004385,0.101560217887846
"13307020900",0.552645335686018,0.985807939830884,0.982242682228883
"13307022950",0.429963012809098,0.441151154683546,0.335529962801949
"13307024600",1.16471726139975,2.29444223272584,1.59019705765232
"13307025099",0.703969779687798,0.896396423807568,0.607643106697448
"13307025625",1.20915262381613,3.0746148220217,1.80047441572464
"13307038425",0.230712205484998,0.314327661064667,0.444411634101403
"13307040161",0.471637428623199,0.34980849903874,0.424018715202415
"13307041056",0.9414144454529,0.968166076183641,1.31551706875137
"13307041361",0.494166518951342,0.317635417600571,0.411796569131181
"13307041750",1.78350505208866,1.92946598840441,1.3799546446421
"13307045644",0.38142860296991,0.464094468821371,0.659554860601576
"13307057884",2.36289690258059,1.70738497807181,4.02228595557046
"13307060009",0.223222411756887,1.56826545857175,0.843333776453783
"13307063999",1.26875158912058,1.36354152595459,1.19163207097055
"13307067229",0.292662369231224,0.247352518565042,0.396396437337805
"13307071177",3.97174660775032,1.50134214793927,1.23949197666191
"13307074409",0.327877842161037,1.5360988814952,0.731175320636029
"13307080925",0.116046877025619,0.160336588655879,0.298877954918061
"13307082586",2.38071798276106,NA,NA
"13307083159",0.575561384213717,0.750335752351662,1.45267596874946
"13307087679",0.442162021075901,0.542826539728439,0.71051837251682
"13307089373",0.370154042576001,0.819253778912846,0.379687544199174
"13307095231",3.65600009980894,1.67753451732066,1.6041706032763
"13307098231",0.339946255567386,0.244302080541263,0.488117178094722
"13307104865",0.5737809114755,0.333364349912397,0.291692435458911
"13307112921",0.588020876950595,0.651433203562037,0.750436987313904
"13307114816",1.49303354396926,3.7283169471067,2.95445119005501
"13307128068",0.329443431530899,0.358566487981936,0.397431264820785
"13307134925",1.74131667744173,1.05944775309588,1.714785951483
"13307135548",0.842092424440579,0.130862782736207,0.442171476315579
"13307142655",0.727376081186179,0.504819020461174,0.888004151921242
"13307146833",0.231919268148181,0.211875190666681,0.261751517551021
"13307149481",1.01793144146192,0.543770635516711,1.22553673857412
"13307149506",2.92609659525732,1.76836812899284,2.37112188590704
"13307150038",0.88324070419052,0.510038453624579,0.650816680788882
"13307150867",0.930112105947145,1.45070612959643,1.05784167293943
"13307152080",0.393866369376982,1.54198024425832,1.10876105751346
"13307152085",0.619024599403566,0.65111859147655,0.613391050842877
"13307157356",0.180873530982601,0.420150927319068,0.631335841039173
"13307157705",0.903519449172061,0.697081997667809,0.342586233321067
"13307158392",0.164120722903017,0.273024566515255,0.423893610795374
"13307160603",0.516048276041211,0.742644327659101,1.00107917994783
"13307162959",0.757167033495558,1.39004511316743,0.912112192118372
"13307164191",0.735992530726837,2.05332800409917,1.75493758938897
"13307166503",0.536483143509258,1.08675980427592,0.666870739357711
"13307166590",0.593811282757826,1.83649523867267,2.45659211225606
"13307171848",0.405462409020283,0.126152585404517,0.320918057516887
"13307173395",0.350057190696734,0.451478960236958,0.31141144890594
"13307177435",1.0121050152061,2.23146199558624,1.54025618960459
"13307185113",0.835508509352494,1.05058210553845,0.841248410333453
"13307187444",0.728607477717525,1.08113950615909,0.886481814028778
"13307190452",1.39703689487686,2.49395714378645,2.30192796753835
"13307193684",2.80718919531046,1.02086383542592,0.910085389937162
"13307194244",3.45060233451467,3.92133943832708,3.27973523527224
"13307199997",0.189821296925567,0.170020185792002,0.0925723216977155
"13307208343",1.52328658407736,1.58391090092808,1.5251271744589
"13307211507",0.357552299692158,0.812998312263831,1.05218207414404
"13307212086",0.610742358656166,0.662535084785955,0.534451397232843
"13307214727",0.68283304443055,0.433524961502899,0.442389616506526
"13307216434",0.372059316293389,0.536705989175419,0.445135585625501
"13307224523",1.3889313092485,1.23869129377881,0.835876232046466
"13307228465",2.28198110570551,3.50482028634929,2.41357066389916
"13307243436",1.10218239423797,1.00749058033531,0.849991502198692
"13307254416",1.46774874057337,1.12723302109674,1.64483018778387
"13307254759",3.44952174894116,2.8373646785354,4.26368869342019
"13307262182",0.523255560401227,1.06789707167956,1.24071358195535
"13307270966",0.53108467750202,0.195179332798539,0.188426671143138
"13307281532",1.83060782848106,1.02974829342087,0.657699122910688
"13307283339",1.21113819967753,1.80820172913092,0.838079324031358
"13307286871",1.03100340961331,0.679096639417785,0.927601269994141
"13307299715",0.35572440767836,0.426018270260624,0.548382480055931
"13307305542",0.736333757974972,1.67267407807125,0.89354116568623
"13307316056",1.26527849513842,0.957726319196928,0.398990838069417
"13307327125",1.04927329164981,0.962651611581173,1.00138080882401
"13307340663",2.85916542846616,2.98013330886466,3.66262972223889
"13307340712",0.209826353908984,0.285073164597963,0.566016926845233
"13307341705",0.68146788832726,1.26943582923559,1.30605747315294
"13307342156",0.257921536692889,0.317050172655143,0.391833486382371
"13307351160",0.232729727550822,0.686683729409154,0.652504241341925
"13307358427",2.13677739645632,1.6264620880691,1.66429395979312
"13307373995",2.63809281385434,1.30687041879033,2.0474095360004
"13307377447",1.07217231413158,1.02053778033331,1.2674528302353
"13307379609",0.656885937914401,0.871495721677565,0.784574085516413
"13307392306",0.995315685451314,0.279151482197825,0.513421861485919
"13307395321",1.03729732328514,0.998480297170584,1.21374459760685
"13307398039",0.741484070418967,0.518644339904829,0.382331785391558
"13307407012",1.20442913706085,1.89068246890287,2.74242316515829
"13307408629",0.568489392013691,0.53868990909122,0.520128294344567
"13307414609",1.96991048228878,1.91337727388006,2.73775223664992
"13307431365",0.705701136903565,1.8721471930725,1.67605517691011
"13307442377",0.325199279755216,3.01503392904403,1.63670881979913
"13307444184",0.552958021648144,1.12426338616626,0.915569494914589
"13307449992",0.335431400395788,0.308552944030337,0.348209116035577
"13307451936",3.95919388933776,4.50701645027093,6.23885013492755
"13307456344",0.269399656518438,0.0743548340100029,0.0760749424971702
"13307459953",0.699548393770085,0.670796448315201,0.87426126911681
"13307469208",0.339649792892884,0.451382950116392,0.402829602140554
"13307479808",0.494403162563893,0.58648509384274,0.794196901008746
"13307485565",1.64474666011803,1.59001320020928,0.880660787589382
"13307486352",0.518234704994807,0.642313588329018,0.447880035538021
"13307498490",1.92183355847879,1.66544706207755,2.28735645052805
"13307501263",0.549022045072415,0.660098256320204,0.777806938524466
"13307504333",0.342624760762615,0.769568598241832,0.573303954014163
"13307510752",0.864344010816312,0.848689974710167,1.30175049975721
"13307527696",0.24787277823892,0.373094108232639,0.793093323048011
"13307530422",0.553597081325083,0.498410621517423,0.755158718868833
"13307532191",0.593490704270077,0.717935382579123,0.722264194144824
"13307535897",0.79342961187983,0.234282595306634,0.526019561788599
"13307540153",0.38490041605846,0.31974640009478,0.652840932295892
"13307540608",0.158227900900306,0.606349504707505,0.575521664328511
"13307540942",1.91350670000982,1.38561066636877,1.80827128102942
"13307548665",0.780762489050028,0.730534327097409,0.516799714890977
"13307550415",0.704793315672428,0.403036405399467,0.565101795592613
"13307556802",0.677677630081999,0.49919354613594,0.692937446464363
"13307560610",1.63947653862711,0.689036716698951,0.955666358029279
"13307564790",5.11910899753898,2.02282971092504,1.85409370040475
"13307567872",0.717565719669929,0.217956165878938,0.183247576421777
"13307568390",1.05871585752752,1.36637389471174,1.15581893104817
"13307569724",0.475838264560647,0.250037543942329,0.189086176325778
"13307569810",0.556265181570217,0.440840770301796,0.54599171784481
"13307570080",1.33201301866113,0.905752682756631,0.64969555233102
"13307570257",1.96630634498653,1.75400001674438,2.05335269404023
"13307573290",2.40798878049404,1.2765351735991,2.01093616365836
"13307576705",0.139633556792348,0.191684861896947,0.176897660750635
"13307585355",1.2820388965424,1.67304761741365,1.46513129092317
"13307597440",0.416721876481159,2.26314006748035,1.44640447365999
"13307598337",1.25291878341242,0.481623180883159,0.778202641100179
"13307599723",1.06594429824846,0.96791736944005,0.84311442175539
"13307602245",1.71312381062915,2.50161202171474,1.57414189716271
"13307602510",3.52548884937735,3.69523472132371,3.44739668841241
"13307603007",0.532740239976198,0.347690328430693,0.527510153152586
"13307607472",0.223514483293747,0.770570070098121,0.696923841617454
"13307617026",0.275752553369157,0.225666455793027,0.369726446669679
"13307617054",0.196371840349657,0.103738727918939,0.150954263869298
"13307620394",1.08545228303679,0.793973382069645,0.902763077762248
"13307628828",2.19486488744189,1.40776051427943,1.52496736078888
"13307629589",0.589320682571584,0.659627811558107,0.774605070390731
"13307630735",3.33988164468181,1.71889455111475,1.58959535014967
"13307635362",0.359263261285274,0.7820034719459,0.493707174039138
"13307637964",0.84089481579901,0.65595930157806,0.422098761637124
"13307638469",3.40620957188073,0.882269328443106,1.69627494150002
"13307642091",1.44637772053311,1.73246678390101,1.24447490123064
"13307648473",0.613421579124808,0.400552093819601,1.21047809917987
"13307649268",0.408296431087248,0.332617507973066,0.568383144075949
"13307652163",0.704866903074412,0.720550170990098,1.00641650760542
"13307653217",0.335525309975238,0.634798515362322,0.393666587580829
"13307656955",0.150859369078799,0.465879143205249,0.347945856413331
"13307658164",0.542561610915981,0.532867542882875,0.600308165481784
"13307658853",0.415395555563478,0.553788609361097,1.00202366899658
"13307659727",0.295964378914145,0.596636397111686,0.470758863970324
"13307662293",0.335547587383916,0.746741107907787,0.652077933140804
"13307667154",0.570150044076358,2.17445736262308,1.4821518471828
"13307667269",0.289006483594059,0.399640150632861,0.487157085454016
"13307667372",1.00163575832113,0.075455605208848,0.631239228103201
"13307667407",0.365179410322283,1.42413393434248,1.12540506761061
"13307667648",0.586658831349695,0.231558455085163,0.823012284621725
"13307668313",1.12678922026368,2.58585048990184,4.25854811840155
"13307670288",1.96991048228878,1.17436094315565,1.08373524134997
"13307671517",0.643133749006515,0.640360751947447,0.500370297941904
"13307674637",0.930513263047852,0.689473948565569,1.02344994207973
"13307675663",0.640546469430619,0.468942225803477,0.576918094287772
"13307676616",0.191577438821409,0.285321083548381,0.55978928981046
"13307678700",0.204357022828721,0.317117334446782,0.378402422218222
"13307682548",0.301742770931326,0.128901547116852,0.152032621566674
"13307685393",0.57630493658483,0.400078185561662,0.538726298608767
"13307686199",0.248912354469069,0.0188876536840475,0.0431221116341273
"13307687346",0.494523291146744,0.575594262839149,0.877290402026385
"13307692827",0.385465011696395,0.286855224907312,0.407029293779078
"13307696674",0.57073230103087,0.534950513550436,0.530322327372714
"13307699717",0.429601646260753,0.524481620532031,0.580026180320783
"13307700328",0.28299309145159,1.04811378305644,0.560065965004792
"13307700623",0.458959084990635,0.554471306314136,0.584106397444571
"13307704144",0.657484232775842,1.32012142690882,1.44003300875552
"13307705894",0.48045246693676,0.1759250381388,0.262589259828397
"13307707067",0.33647754195476,0.196252439604362,0.550300264453129
"13307707213",1.52161263886029,1.1005789714289,0.673580724531469
"13307707309",1.32326416362824,0.956457987954438,0.635418790170716
"13307707980",4.16824072295128,6.10615434326413,5.29344754690123
"13307708362",0.556862506402877,0.354552443736633,0.485181944042065
"13307710846",0.822481491298077,0.0889924936659515,0.356235393622637
"13307710871",1.9856852997315,2.92106288472528,1.61287075005986
"13307714018",1.27199200414253,1.6065553527637,2.96151787706927
"13307715080",0.694451287115769,2.50999994658471,1.06048913693402
"13307715327",3.29956638547652,2.20307594058583,4.70877016090376
"13307716600",0.181678384374679,0.511596843337464,0.453287323735675
"13307716799",1.31043898128043,0.75098548771078,0.805553513554685
"13307717197",0.929592263629502,0.706221337270747,0.718877240388934
"13307717392",0.552775181231063,0.918458653200395,1.08894108884812
"13307718718",0.368867301143818,0.348344508425912,0.569069925956668
"13307720908",0.116046877025619,0.1048533187736,0.229805267836104
"13307722589",1.45986357884363,1.29548398845341,1.42922780334215
"13307723372",0.463110048061005,0.584575118349931,0.777967726418173
"13307723495",0.285739525164271,0.3336574177753,0.733925756121258
"13307723969",5.11910899753898,2.75672218282479,0.587314898462874
"13307726211",0.55372272716244,0.550558129840798,0.632418372047265
"13307727655",0.733618737974078,0.933384486199958,1.39557657107772
"13307728066",0.292618727850037,1.05966127983059,1.01357375227635
"13307729589",0.386600925598004,0.248486594347421,0.402937365534711
"13307731004",1.06196019697537,0.816770089206828,0.550331218384578
"13307733593",1.16454635681532,0.745567164263678,0.96589935132041
"13307735719",2.48129746627541,3.17488355223681,2.90672102665297
"13307736816",0.321338917414375,0.443042368789504,0.501580933839174
"13307739218",1.16343784981206,2.15708251226943,1.30714700381027
"13307739386",0.992410474725547,1.22705942624696,1.55778186060123
"13307742139",4.39107516412124,2.75805516839401,2.69103829498598
"13307742428",0.606688881405949,0.623624159032702,0.77098228468515
"13307743532",0.436369707145792,0.507248356905273,0.487135893501864
"13307744392",0.315150153616624,0.550177761312082,0.329614984308532
"13307746259",0.223514483293747,0.497710325592338,0.606486367056968
"13307747042",0.387035564895795,0.17715893645309,0.225970404454218
"13307748756",1.25969464802713,2.68471985713868,1.50301869572513
"13307749455",0.399455017230056,0.49569041465257,0.78216873483166
"13307751554",0.290039190580408,0.296139502647131,0.239592581933953
"13307751651",1.53308259109621,1.07548964446906,1.09612348391799
"13307754137",0.253388230497695,0.526911452339719,0.801426185675943
"13307755212",0.326998999247984,0.594957469491952,0.709603571514229
"13307755846",0.561122433404122,1.28433498593353,1.19547012596228
"13307758160",1.3765345219956,0.543240078981247,0.671726228151583
"13307758664",0.75749340160424,0.708693598028888,1.01452499462373
"13307759099",2.78491011652063,2.19899188416824,2.49523015609402
"13307760510",0.760110873107242,0.378576491849083,0.658264618127167
"13307761039",0.957548103467548,0.501521240097127,0.889691659360592
"13307761122",0.612840813017113,1.85853746435152,1.76392767838917
"13307761606",0.367534593126796,0.563111765342302,0.780713896594749
"13307762149",0.335547587383916,1.28551720927856,1.15235344325179
"13307763652",0.637707760273629,1.17906188906124,2.59202728771572
"13307763763",0.251938218396501,0.234742290508808,0.207105587748299
"13307764415",0.341654600621513,0.232177997194487,0.303808374197642
"13307765788",1.42016977707354,1.00001139675665,1.03422486186621
"13307765913",2.56839879629344,1.56308744545731,3.05861265808193
"13307766109",0.878784643184091,0.769433887120929,0.430000844373231
"13307766312",0.959389008781237,1.01990083770902,0.857153583856749
"13307768042",0.191273469568969,0.178545037550221,0.269702092511008
"13307768411",1.12145362861359,1.30032779945001,0.984118379418354
"13307769039",0.789459592736526,0.536711266569551,0.361212538014083
"13307769113",5.11910899753898,0.500123523581157,0.565377962023959
"13307771815",0.790911576606938,1.55746114910437,1.37426711154878
"13307772511",0.692942665720898,0.45255996593689,0.643791238816184
"13307773148",0.143059801274473,0.347261459397205,0.429655942842413
"13307776115",3.18247279364192,NA,NA
"13307777099",0.209844801184879,0.282903383202151,0.511420070491951
"13307777335",3.14476751945988,2.93159453523482,3.59294754083853
"13307780323",0.736333757974972,0.709118143904898,0.847721761819189
"13307781587",0.495684690409854,0.145748245133673,0.359244624198433
"13307782028",0.653946219925602,1.14132272740072,1.28687616925437
"13307782096",2.2045512248684,1.52215180063251,2.15236198606484
"13307782633",0.670157618240284,0.896900215458204,1.68058044268521
"13307783988",0.45182770465161,1.18672572429355,0.507931690684938
"13307784656",1.75452858005702,1.90951527135848,1.58974860787257
"13307792953",0.1241724612101,0.191694665135146,0.178281481051503
"13307794407",1.10270464428652,0.813337376748061,0.761964990529559
"13307797229",0.273975646824703,0.229847030233025,0.294003823728725
"13307800464",0.333920322454672,0.340879639130081,0.480747799382798
"13307800854",1.99970513515902,1.07566163537074,1.39853173628694
"13307801052",0.689147162950641,0.656777802076421,0.698763187977762
"13307802057",0.929558124102521,0.0215770752830148,0.411907471667135
"13307802751",0.335525309975238,0.837442539270541,0.494857780734989
"13307804633",1.26983650319983,1.07735186584826,0.932065661498922
"13307804647",0.239017086597762,0.0713796927443268,0.216647487919329
"13307806226",1.11017594084579,0.373377112593979,1.38095688383586
"13307806303",0.984976728922484,1.07677542045995,0.831947389661479
"13307806544",0.125836365310114,0.444691038365263,0.432201878089225
"13307807397",0.675655989531131,0.91737704792411,1.13063616160073
"13307807860",0.443881095741909,1.57575457860734,1.00042797496744
"13307808280",0.203093425053336,0.336481933929078,0.484340595316576
"13307808491",2.92387019751289,1.54056529830594,1.94370238989492
"13307808540",0.72922833614983,1.74842925483502,1.25919652231005
"13307809370",0.502449307067732,0.418183847217924,0.709083419956419
"13307809681",0.20238472689952,0.205295363082863,0.326529570664782
"13307809881",0.428978149593865,0.976163225405435,0.38092744102191
"13307818077",0.126252365042617,0.36684593808308,0.704907572034439
"13307818756",0.18605489020442,0.26092411522634,0.209422143832212
"13307818926",1.08901892846593,1.95501150046275,0.771506890686242
"13307820044",0.350324113846586,0.601593950385902,0.691547002950158
"13307821741",0.546481443726175,1.03597640319818,1.01435759657522
"13307822975",0.274320238272003,0.325915063347803,0.495982172610068
"13307823401",0.318893939857677,0.148886091996965,0.664735535051647
"13307824531",0.62857424392782,0.763521851984977,0.812802892177711
"13307824898",0.72317552216587,0.406556965256361,1.01398129810615
"13307826130",0.717680896315494,0.7450353696865,0.586841611169431
"13307827847",2.06120394685822,1.03489888844579,2.47380108743804
"13307830514",1.86794449375058,1.35089616313826,0.982122004519603
"13307833392",4.50867260997805,4.99105352051023,5.60143311280247
"13307833658",3.05159884548008,1.29135114222927,0.433930678623304
"13307834585",0.50255714840662,0.565410283476727,1.73518347062328
"13307841239",0.44508555668835,0.348505622966714,0.554964684797516
"13307845223",0.615990943014314,0.952078723190245,0.68097787639245
"13307845569",0.116046877025619,0.138758507370014,0.262034386394311
"13307848519",0.385465011696395,0.45257601775473,0.57796654903758
"13307849131",0.995638925633832,0.710893834693316,1.34055342600137
"13307850587",0.620049194866458,0.346238799922692,0.463147088922324
"13307852581",0.509127765352513,0.91080881313744,0.850269208663491
"13307852858",0.144208367209889,0.412984725756606,0.870251061731495
"13307854763",0.287941310269285,0.275870515357606,0.258986988690956
"13307855053",0.588271761074604,0.883535370276832,0.843477210825393
"13307855466",0.376654017078542,0.293063395217576,0.700177769357293
"13307856054",0.260623813395042,0.486038986812843,0.639334295938686
"13307857158",25.6161061798198,NA,NA
"13307858897",0.333191973427445,0.117031225797325,0.627262759745244
"13307859915",0.46914435830094,1.6450432023205,1.22724534476117
"13307864812",0.657469690566441,0.50614180180226,1.21467826824165
"13307867540",3.56060428165172,3.61167419667874,4.38114379226097
"13307867789",0.586491674000129,0.591432728012447,0.547354294627141
"13307869089",0.316261741897104,0.277499457771768,0.321536570683998
"13307870170",0.898143121375586,0.545912647982416,0.188392173059311
"13307870850",0.197380576718835,0.371222503243637,0.25456631217032
"13307871742",0.423117965428557,0.197814809377214,0.157532802753584
"13307871831",1.47872074022868,0.941758096871292,0.830088222079322
"13307872739",0.86351080650321,0.715317555527875,0.772615080500961
"13307874081",0.409731129134291,0.309123075220229,0.538427691702761
"13307877643",0.273975646824703,0.171276005040127,0.274760785354095
"13307881118",1.47575783692968,1.00583391902715,1.28086296376477
"13307882944",2.07967263521217,3.45150328242634,3.61590324963645
"13307885456",0.262164238240043,0.410447257831857,0.500609155641925
"13307886347",1.5708833517772,1.00655890302588,0.801579166981141
"13307887040",1.52472158418229,0.903009710432602,0.976633550422665
"13307888773",0.356713915767512,0.215647830151296,0.602950107776839
"13307889872",0.68274542821665,1.78920918514193,1.50608041741644
"13307889953",1.46774874057337,0.851388169239916,1.01835084511948
"13307890240",1.48121809100004,1.0180645169002,1.1488628564888
"13307890987",1.30438595379807,0.860318053205176,2.09466422764143
"13307892428",0.917312054702182,2.00625380317473,0.725122122044071
"13307895324",0.736335912215939,0.344837918869363,0.238386443260161
"13307900642",0.306237417584474,0.891785375672736,1.02560448813005
"13307901481",0.192002309227527,0.379284909861137,0.397221672137588
"13307902298",3.363938940394,3.74464786684075,3.5625363896653
"13307904589",1.26357980850823,2.11468276491094,2.2130809202183
"13307905088",0.639454773462264,1.69365132451432,1.23103163457369
"13307905698",0.919389545597662,1.05353295834703,0.680285237704544
"13307911682",1.84223285798662,1.56201832801613,1.2716644748518
"13307912101",0.219916556997634,0.632253888342221,0.471156717927873
"13307913676",0.780118239322555,0.872319587028118,0.418760252184785
"13307914270",1.13771446142125,0.926520833588784,1.08130251199661
"13307915176",1.15755563043438,0.767886812266089,0.890107008550285
"13307915727",0.18200896383698,0.214733070137075,0.639180617979752
"13307917636",0.55594072005354,0.297193207999231,0.298145928935158
"13307918827",1.01037945284918,1.6437222518777,0.998797024242632
"13307920430",0.116046877025619,0.306040435774429,0.206430914985183
"13307921252",0.293884485864883,0.649157826849902,0.316553371084302
"13307922294",6.85082584425611,NA,NA
"13307923215",0.397900598572936,0.660326730957591,0.712295153049373
"13307928948",0.354962636896591,0.310422464000942,0.449516433725924
"13307929176",0.365904881341908,0.753607421321593,0.887695282983147
"13307930172",1.54256882717806,1.07338563048137,1.16452881719272
"13307930911",0.548270064394577,0.727754357492739,1.06989877673207
"13307932177",0.676953718056658,0.526466439323681,1.02851931914405
"13307932351",0.525623465607397,0.979798263238835,0.930922438519304
"13307932898",1.46633259786557,1.20923754094871,1.11583984581622
"13307933225",0.20960101362758,0.287932703422715,0.32526381584388
"13307935335",0.116046877025619,0.22583619283531,0.325614798773211
"13307937021",1.65797092500783,1.669366302913,1.44379891135586
"13307937173",0.547627295498121,0.806634424895673,0.292360648825025
"13307937835",0.658229622284045,0.63311884453817,0.708843305170988
"13307938645",0.271645496325963,0.401899466557762,0.397416263486519
"13307939584",1.49093230027811,1.93295062711005,1.48968293640072
"13307940270",1.25291878341242,0.481623180883159,0.778202641100179
"13307940320",1.12145362861359,1.51446143499002,1.06289265403491
"13307941113",2.87568874673314,3.65115506934177,3.56462857162303
"13307944399",1.32428368333038,1.67416989368789,1.50250218079219
"13307945271",0.656968169073481,1.85967973940936,0.451085578881977
"13307948034",0.654351237497422,2.41824538984947,1.34833632089384
"13307948096",0.619333071449011,1.88534233385236,1.6276299418444
"13307949150",0.646895107549922,1.04759632075457,1.00891445034632
"13307950825",1.9856852997315,1.54503942599538,1.12618939545501
"13307953501",0.340280041984082,0.604068044197578,0.54319016350152
"13307954036",0.240512935633524,0.4391258370685,0.480804702889648
"13307955516",1.65797092500783,2.11442625930072,2.30138361557498
"13307956355",0.741484070418967,0.530386820106276,0.393689921763845
"13307957059",0.24783139697638,0.326249146030941,0.34904769596323
"13307958164",0.736333757974972,0.748035732476748,0.781636606597325
"13307959264",0.506830634504566,1.01250960287585,1.13000420032356
"13307959287",0.186670271215861,0.708638343978923,0.483248921535075
"13307960294",0.5737809114755,0.821711057183943,0.800287294646341
"13307960891",1.22540999053511,0.657530924173723,0.828795819223181
"13307961190",0.221692940573621,0.1048533187736,0.229805267836104
"13307961638",1.28954328698759,0.663632621274928,0.56416520109443
"13307965764",0.736333757974972,0.709118143904898,0.847721761819189
"13307969383",0.638561764421438,1.73909929972494,0.902564429963456
"13307970984",2.87100334748381,2.35982521622494,2.17499913950214
"13307971438",0.65603131886175,0.610421206646685,0.741643832555946
"13307971667",0.404354361694026,0.897823138974067,0.684064682844306
"13307973168",0.318034089527989,0.302379840297742,0.241928082659018
"13307973696",0.631340560087976,1.25317540526298,0.903322845191733
"13307974247",0.888887118086409,0.544995815664557,0.615142832254403
"13307975237",0.555117461428809,0.614792576730559,0.377506779690687
"13307976233",0.334488313750579,0.501406915963722,0.299601126911523
"13307981849",0.197380576718835,0.339314600333365,0.269160411170896
"13307982128",0.397992535509268,0.343201437543509,0.388966135765077
"13307986004",0.556265181570217,0.790083777943076,0.97397068821544
"13307987960",2.14965572496509,1.17434105114553,0.656779451889157
"13307992594",0.345754566971157,0.0541282527180511,0.408482906448609
"13307993629",0.629053335003418,1.88011311021856,1.34767175839123
"13307993966",0.854220108430887,0.800626718741714,0.57246856540008
"13307994327",0.421613991635173,0.481690042130172,0.41129817620501
"13307994396",0.152966580509947,0.177699851251719,0.382332583269083
"13307995976",0.555785298783904,0.223375309694888,0.404424120135384
"13307996594",0.116046877025619,0.279950832293091,0.686161386206463
"13307997224",0.228563410377135,0.426390213701032,0.809053826143096
"13307997870",1.84798922568234,1.85248914024222,1.74744567625237
"13307998861",0.482101262549725,0.84090256898782,1.17060885723676
"13307999249",0.323881581891344,0.540096417140668,0.394149057622372
"13308001971",0.304392800180109,0.65111859147655,0.613391050842877
"13308004578",0.300791631824844,0.362740867545119,0.240707986712904
"13308004643",1.95236329785543,1.41510146368517,1.3517082126559
"13308005096",1.07217231413158,0.605151727461563,1.25023160336544
"13308005895",0.136144916373728,0.267778836438248,0.2785447240739
"13308007161",0.715185111577039,1.24584240646083,1.11589678467095
"13308008196",4.89266422392185,0.453115518749832,1.16627259906219
"13308012588",0.370902988542186,0.813692731177218,0.647957757564023
"13308013291",1.58975083349967,0.528373864295784,1.46602206074136
"13308015292",1.35171765768647,1.29751489653081,1.99992517235583
"13308016216",0.694408797671317,0.824281384269352,2.67496259243175
"13308019010",0.275646881434324,0.495874298806139,0.513656715191137
"13308019518",0.458580458046234,0.362934094076359,0.428930716163823
"13308021535",0.177206866986308,0.355095137773127,0.482268732655581
"13308024856",0.433514026502529,0.45839439324657,0.744870283519532
"13308025027",1.17637589814773,2.42499408197113,2.52285750785755
"13308025463",0.250631948198433,0.631096233175663,0.616330047352901
"13308028513",0.43879885677652,0.524918895991719,0.59347851448174
"13308028993",0.583524417713807,0.505780038115585,1.1390230757242
"13308029441",0.80596111556951,1.04740218448372,2.32581141672589
"13308030274",0.363647354091121,0.241715766207662,0.475858335280541
"13308033118",0.259391184958702,0.569451668306457,0.58840647323205
"13308037870",0.414284782075297,0.357048979195103,0.366173080336824
"13308038767",0.197634481595701,0.191684861896947,0.217562960619816
"13308038795",0.376592240222863,0.37500077447914,0.229909238563665
"13308040267",0.292662369231224,0.611893420436947,0.690365115796302
"13308042633",0.748903072780027,0.0913638883262142,0.287083670456061
"13308044155",5.11910899753898,4.87536599697065,5.0663234959311
"13308045266",2.03924367172467,2.25301900583126,2.09529968131506
"13308047363",0.36776514746332,0.668609105754073,0.847407351539973
"13308048640",0.565446452688997,0.928547102136481,0.7996176752949
"13308049348",0.663430563165327,0.366857795269254,0.433739114305341
"13308049386",1.7032111492104,1.10980991385965,2.83386609819679
"13308050233",0.861133166240802,1.30898300119883,1.3593200319138
"13308050928",0.604552341553407,1.3049512808923,0.732016910294497
"13308050935",1.35238932157079,0.90818900232903,0.901880806133966
"13308051494",0.707298915584992,0.49979709291817,0.5921747568284
"13308051929",0.776620606761603,0.263587031661658,0.562164749788555
"13308053282",0.814259231659661,0.558485059895033,0.239635758121583
"13308053509",0.214903505750732,0.417068989532908,0.345809023452984
"13308055184",0.257947472655965,0.666482071203893,0.39352740092925
"13308059904",0.457009970748825,0.586922854700518,0.337784657518924
"13308063181",1.14784831259761,0.66214349892167,0.768573842274967
"13308066000",0.302921915165703,0.371888616185214,0.584542912563058
"13308066230",0.755067459962057,0.660186091072858,0.604438682208338
"13308066346",2.02973273501833,1.20496868075892,0.505493000713127
"13308068004",0.132056987854685,0.252902066624953,0.269085635196165
"13308068458",1.63455314252228,1.0768675080102,0.865438901539778
"13308072669",0.40456579847947,0.422191054334371,0.317482916351524
"13308073456",0.264005729681652,0.534123171013188,0.64821665431773
"13308073577",0.908061462169465,0.372921073125672,0.330033203873403
"13308076444",1.87613908958828,0.658766025788767,0.509105933313803
"13308080177",1.16156324043952,0.645133561615715,0.62962018881091
"13308083693",0.500528102516097,0.333900363562299,0.484378810179208
"13308084380",0.127098653974341,0.437884823129274,0.672814716216111
"13308087236",1.12881492994374,0.65228607359666,0.818761035585808
"13308089217",1.30425935602281,2.13973411119064,2.00342264721735
"13308090827",1.23082343729001,1.04426440568179,0.808941401871281
"13308094940",1.04996312761225,1.02985365232866,0.856917954241877
"13308095317",0.83608248060716,1.26646176633996,1.4648402429794
"13308095504",1.39584085478765,1.26003740436973,0.984833517991436
"13308096669",0.492121319378358,0.314617779083196,0.234892315604948
"13308100143",1.15478891650329,1.79372113828481,1.79533555217311
"13308100323",15.7970350347512,NA,NA
"13308102892",2.68043661514277,2.9697680868188,3.27432899125137
"13308103194",1.67067374189206,2.22198185003377,1.01806165987526
"13308104222",1.83521039699112,1.63132642486685,2.31763477647259
"13308105153",0.24787277823892,0.322622203399392,0.515229372032825
"13308106582",0.206233449218428,2.50317123288744,1.3590442246411
"13308107053",0.26113703317891,0.378403786389527,0.606082235800625
"13308110251",0.491705168053541,0.394181937426832,0.593017840156793
"13308110770",3.08533276118316,1.28637363801824,1.01128933775764
"13308111173",1.01399083984023,1.25720565034961,1.02089673537589
"13308111942",0.242747138058348,0.226877890384668,0.235854687737904
"13308114126",0.361571296942538,0.974905567497017,1.21746446577815
"13308116276",0.773809366435642,0.653986067179915,0.743172855811407
"13308117848",3.21993128238233,0.782851878357151,1.42111964942946
"13308118349",3.78704850844666,1.75310741304197,0.720962630163603
"13308119194",1.03729732328514,0.714785549637615,1.09551897062105
"13308122603",0.438529139542775,1.13429053461699,0.678487606178108
"13308124165",1.60365694541962,4.09417880120205,1.93299281650861
"13308124322",0.376592240222863,0.436813519519745,0.279064028481744
"13308126777",1.03210969474774,1.27400729239169,1.93529289896094
"13308126967",0.589976022150533,0.891379084216552,0.673454705218815
"13308127059",3.2987049224386,NA,NA
"13308128706",0.790443752474423,1.88301948343954,2.3461726385231
"13308129184",0.28500367520684,1.68344129665048,0.896011335800148
"13308130052",0.680488783263061,1.94109542932348,1.42367536685375
"13308130400",0.397992535509268,0.588415004571255,0.732401000360331
"13308130878",1.38052170566498,1.36419126609854,1.08532345316233
"13308131561",1.33201301866113,1.9494630255774,1.92883634741162
"13308131899",0.409505595377823,0.92204209481314,0.543536062584001
"13308134333",0.256718299129991,0.203596631526972,0.283319513698844
"13308135724",0.643736194726692,0.41656053519571,0.764193462669441
"13308136356",0.62857424392782,0.288762768469481,0.342271694814193
"13308136634",0.568489392013691,0.516260973717123,0.541528883910162
"13308138648",0.422591602126279,1.53015862095666,1.68350504141409
"13308140870",1.00691902228834,1.17537335344405,0.728212969474387
"13308143213",3.4558851127036,1.72907011508914,1.17751734551142
"13308143909",0.394840662524051,0.284596334297934,0.399544101160707
"13308144800",0.349864181218364,0.466125614215363,0.600267868391124
"13308146386",2.4250229260608,0.417616457744078,1.22488064782066
"13308149964",2.35269855405573,1.36647528426688,1.39907372678532
"13308150858",0.533143112246994,0.753605231072663,0.561698825139465
"13308152286",0.707298915584992,0.411364244659464,0.477595445018112
"13308153409",0.376650687485911,0.52424625380744,0.978173089479736
"13308154328",0.594878326972738,1.06792759336481,0.641465005219411
"13308156537",0.292309273197887,0.511972265967526,0.382630919650412
"13308157338",2.57806276661938,1.01842026343608,1.10223167627985
"13308160624",0.337749725405569,0.516917277858537,0.632680642565501
"13308161666",0.979925416213071,2.20701676895044,1.64482236682332
"13308164141",0.429601646260753,0.47193118259752,0.458035985272346
"13308165001",0.436425407877388,0.705888991542411,0.840571930054912
"13308166403",0.42071867465157,0.948500685377118,0.833268460697112
"13308169853",2.4176370068653,1.9691837803598,0.317961913705125
"13308171856",0.717680896315494,0.329427152514082,0.707900618028651
"13308177485",0.308158980513265,0.851381718169309,1.57783257767323
"13308178735",3.15064318444582,0.8864109982862,1.65616415641896
"13308179495",0.360541186386407,0.566926013273553,0.538215443801123
"13308179508",1.01893174359454,0.150961745032344,1.01254454262217
"13308181677",0.222538896233767,0.747984297899268,0.815386143193315
"13308181861",5.11751660212007,NA,NA
"13308183418",0.215159934028052,0.170730173904443,0.261352591234672
"13308188149",1.41236903355434,0.829264802518511,0.512543274821837
"13308189340",1.23381131765587,1.21524653109491,1.46064439993434
"13308189693",0.300791631824844,0.328262496918135,0.18468679378145
"13308190102",1.0000070085085,0.567504377946176,0.885222326028433
"13308191619",0.287682317942038,0.492970301946915,0.608926602664089
"13308193174",0.611923127954193,0.866322969818969,1.51353938868803
"13308194774",1.02308988100278,1.12660061392854,0.906114032934585
"13308198186",0.666005310729603,0.66748930955048,1.03898715184443
"13308198192",0.169071581162469,0.381758230487127,0.38361409034599
"13308199420",1.13130059646894,0.584898396118234,0.698186065841556
"13308199511",0.238782461843609,0.370248305485217,0.514289251873039
"13308199792",0.597678830678811,0.228995506787825,0.201249283246111
"13308203274",0.291535140539974,0.233806532723587,0.500001675880688
"13308205217",0.224897768170781,0.772350689813618,0.533165593161161
"13308205384",0.383087206935566,0.321476039277219,0.371273034016693
"13308206001",1.33340182031937,1.38711679661372,1.6782977630306
"13308207558",1.14120235970927,1.95337078900125,1.39350550518786
"13308208114",0.443881095741909,2.35019469436796,1.01579151975489
"13308210924",0.129371975482216,0.0896192509847442,0.27281366664484
"13308211014",0.880415069697182,0.861720991362365,0.818928100560487
"13308211713",0.148010578224771,0.330596398253825,0.409331320202139
"13308211843",0.376955965807385,0.288663373707366,0.254814547164764
"13308212234",0.372682971267045,0.541789791062451,0.878457797050011
"13308212550",0.562011824430008,0.448262013559652,0.492325395436793
"13308212851",0.45718173736384,0.93203308128553,0.35638827732881
"13308215647",0.334628231819551,1.15732328007932,1.03369089338632
"13308221338",0.422387378572803,0.511596843337464,0.453287323735675
"13308221884",0.833833732800309,0.950192692586349,0.970410642521187
"13308222613",0.539993090255559,0.362013055975591,0.448741273015915
"13308222761",1.07101212942733,2.09072755992407,1.6592520712475
"13308223156",1.95212784494976,3.54161159102184,1.62114149503473
"13308225445",0.921558970543333,0.534755478145699,0.848399874846364
"13308225483",0.286911629777652,0.686662935075106,0.619097457656595
"13308226221",0.312954100728469,0.617369917603848,0.641958232315105
"13308226547",2.28163959991163,1.28398904432254,1.47128504717444
"13308228395",0.700776184887064,0.608436587378881,0.854232823695669
"13308231827",0.63730398853575,2.00686163429698,1.46539330307628
"13308234190",1.83695897948126,1.67172319411299,0.953626042010988
"13308235451",0.972918639697063,0.843080452821342,1.04257342887563
"13308239057",1.07968915808913,1.28026331750064,1.38965803390684
"13308239143",2.5319539743288,1.90620396127549,1.98262980134542
"13308239911",1.6700044560975,2.10167341477185,1.00513584448273
"13308240387",0.243560939384279,0.139498363011389,0.563076398273772
"13308240820",2.24006991332485,0.955189812025703,1.41763112494213
"13308241456",0.293351006070473,0.596853951579153,0.418945002369709
"13308241771",0.27818606163979,0.317365681885881,0.788071448992684
"13308241803",0.366223265607235,0.615273785133493,0.524324414593059
"13308242789",0.656424758706249,1.61182954307804,1.69763265605809
"13308245878",1.17637589814773,1.66292525542786,1.76484087552126
"13308248349",2.45791909416598,2.61184129545267,1.72225950437129
"13308250623",0.221101735587607,0.279629855559426,0.219503021884732
"13308252438",0.385373668037496,0.968535194632876,1.32015036690537
"13308254350",1.6615653360071,1.78572008043123,2.64828852339927
"13308257135",2.87987231539969,2.58548709840551,1.96052753242046
"13308260190",0.88324070419052,1.632339044872,2.09414169159546
"13308262070",1.33037386360238,2.59914049275488,1.92037060688406
"13308262732",0.758112393860604,1.58517279976239,1.28560216372574
"13308263140",0.257947472655965,0.571550068925517,0.315232537230098
"13308263350",0.653667355266866,0.954709974357815,1.3351344314385
"13308263492",0.67265110801274,0.669019801470703,0.78421299243745
"13308266874",0.154455767237182,0.898833283677966,0.51218879186538
"13308268009",1.55233002236865,1.85632888888267,1.58350222587071
"13308270820",0.4946765801463,0.968522757018738,0.456710471054989
"13308271592",0.407196568566449,0.577890332647303,0.871281677852844
"13308272113",0.359875258082834,0.47581561158305,0.413170363264772
"13308277447",0.116046877025619,0.16174922624274,0.128840220308309
"13308280641",0.719768203577369,0.849914129616783,0.959585758114529
"13308281412",0.247392722903025,0.650839946640325,0.538540533306456
"13308281838",1.87304408294919,2.41368637534889,2.28493335563957
"13308282362",1.2875726671872,0.992923498512084,0.93532436671669
"13308283844",0.549198127587898,0.797013289807248,0.817395185825455
"13308284236",0.165662470615504,0.252927501699527,0.392520289539978
"13308284274",0.206724968754746,0.755426764317069,0.592353295387369
"13308286912",0.802496686805833,0.240334684700044,0.247966149626288
"13308289091",0.614705304575753,0.896594575798705,0.804045483104375
"13308290104",0.662248530263183,1.80650541745534,2.23293052719149
"13308292873",0.84890795178214,1.20213660328612,1.61492235202635
"13308294157",0.396797007639261,0.0315125642889199,0.167988329316431
"13308294470",0.590461661040485,0.357754674406777,0.452800295610584
"13308297816",0.4576403218824,0.494646333324033,0.398514983924126
"13308297897",1.39997931625888,1.33739109098636,0.844641392723267
"13308301030",0.767986563038917,0.921878368487096,0.665902203541182
"13308301359",0.392188423555479,0.478435181072716,0.802649125443989
"13308301902",0.30515012762979,1.02070233911752,1.11860935617263
"13308302654",2.12924301138569,0.914670234189961,2.71343093567925
"13308305007",0.347975678176692,0.408909760367155,0.327511909826157
"13308307609",0.435370689820965,1.20817881940118,0.747358421003555
"13308308202",0.242481362192718,0.717973153915518,0.635546014033211
"13308309568",0.605838805918256,0.878168387817103,0.617242407576625
"13308309721",0.530367251441053,1.08498489758166,0.507952302361025
"13308310927",0.290236009142988,0.479298940563565,0.416752989688217
"13308311009",0.659147597734148,0.2941392444496,0.81787912005154
"13308311979",0.648107963743276,0.209095872703637,0.627115340516478
"13308312553",2.08302224253554,1.06063492810638,2.42293971148076
"13308312922",0.624652524916547,0.876242271432361,0.29861804133405
"13308314453",3.43736257995642,2.55266181035384,1.8606205192056
"13308315666",1.91070117775443,2.17776434327997,4.10510017611588
"13308318538",0.613421579124808,0.400552093819601,1.21047809917987
"13308319610",0.308777670241536,0.377547417440916,0.259596884125699
"13308320679",0.26109069071605,0.352087411311988,0.217670097225811
"13308321259",0.810312085001968,0.32715067005711,0.221355277063253
"13308321362",0.183996479909607,0.131132646850287,0.204965893136392
"13308322749",0.511481839593334,2.02551265464428,1.00682039480386
"13308324290",0.571054640163138,1.14326383346348,0.561043001960022
"13308324457",0.321493947286825,0.325708275459349,0.444198957539286
"13308325996",0.829380092771059,0.726555957243974,0.586086510124948
"13308326008",3.31738348852915,3.13101292258959,1.85993203827664
"13308327019",1.26924892140086,0.949448956621655,0.882243276311629
"13308327252",1.31971555800712,0.788308323070072,1.6817428972101
"13308327708",2.23168584468317,1.12725437669219,1.52841911975787
"13308328154",0.429562036428753,0.748081706936287,0.286500905599673
"13308328679",1.30174499418211,0.886837236371948,1.09238077063361
"13308329484",0.309400474587656,0.775860202618947,0.659068774653759
"13308331915",0.557613287803964,1.81709449901562,1.06230026123254
"13308332249",0.421270466017035,0.274702744146894,0.403208781184851
"13308333770",0.706445077102815,2.04553617829742,1.28685323146573
"13308333997",0.214678359934759,0.271478907969872,0.34532026077302
"13308333998",0.307378550487646,0.487250492333504,0.409640409012
"13308334445",0.86223456383245,0.340370701515237,0.280194481894326
"13308335327",1.16343784981206,1.64923187474939,1.05312642481442
"13308336638",1.10121390689346,1.01782866025951,0.996617418558794
"13308337113",2.34997590038317,1.52537000315718,1.43258706981651
"13308338120",0.144208367209889,0.317158623157478,0.408329712315121
"13308338289",0.697825521734035,1.21967473635509,1.05031040386225
"13308341180",0.555117461428809,0.614792576730559,0.377506779690687
"13308341539",0.758656262307739,0.651078999111669,0.522113484959095
"13308341682",0.673877265033511,0.492723807562934,0.67862024792583
"13308343871",0.5232482693418,0.638277365666549,0.32069426126901
"13308344117",0.273301014862816,0.629788494709082,0.538545005441635
"13308344447",0.578539021323512,0.268764014089652,0.678598324567613
"13308345314",0.580381997013823,1.41698469827501,1.07869434349731
"13308345490",0.853222993498863,0.651985030242719,0.773109280344453
"13308346169",0.966749702166991,0.495901264425308,0.92391672953337
"13308347450",2.06212138818635,1.53825538921393,2.85186718610759
"13308349116",0.25155677393177,0.359442871660179,0.300528844323068
"13308349177",0.347058151432099,0.651134080068686,0.775035681697728
"13308349743",2.32325471495528,2.2797087987906,2.24869661220688
"13308354203",1.53736350667671,0.406472722865116,0.869389076989404
"13308354395",0.200366568408572,0.191684861896947,0.434458254982096
"13308355629",5.11910899753898,3.28619733837667,2.76855853876531
"13308357284",0.48408246254344,1.157688975292,0.666608160022676
"13308357595",0.284080719887003,0.320947891895159,0.716092800832989
"13308360138",0.646853196050394,0.323200372858763,0.302011978971809
"13308361484",0.243668921932327,0.313590189858621,0.555201985543248
"13308362694",2.49435063157192,0.579641486335986,1.44917629431043
"13308362698",0.301742770931326,0.181921720850895,0.275138770021148
"13308363133",3.13105955431751,3.61042228664368,3.6392522049109
"13308368912",2.36223639677321,1.89420568989,1.92061960761547
"13308369702",0.139799986697581,0.21304127030135,0.30698162153161
"13308373166",0.364053916432347,0.184328973404961,0.858757685522589
"13308377753",0.615195681492332,0.839164838543137,0.763134749075512
"13308378554",0.585746980890401,0.231913297921825,0.598955631141269
"13308378839",2.85550192742092,1.423654342964,2.4543143599268
"13308380605",0.253531724398167,0.890393035112903,0.645611627353775
"13308381569",0.28288024394023,0.324070908675953,0.568759477402065
"13308381921",0.49716618417289,0.784570567523934,0.540702672307064
"13308382499",0.323007012641265,0.108147787244228,0.260291080671596
"13308382919",0.219062220836061,0.348546039695629,0.669089366957694
"13308387759",0.292309273197887,0.7486756005211,0.86411307226464
"13308389033",1.32294486086389,0.882151995228926,0.231132954821533
"13308389057",3.02407268228717,2.73703336353292,4.21148218788168
"13308390881",0.619333071449011,0.492871791375664,0.535443763821827
"13308393186",3.25721348672474,1.51087387560976,2.00611651961551
"13308393742",0.376592240222863,0.455425482249269,0.283674941145593
"13308393871",0.418505671338397,0.262750445535547,0.276493364914205
"13308397298",0.283083490068121,0.316283102369241,0.460056893054146
"13308397420",1.23013962483299,1.4970993847374,1.96978405763287
"13308398442",2.38071798276106,NA,NA
"13308398919",0.664900711306083,0.470223964225196,0.552637604239586
"13308402414",0.310355876326482,1.42969428707945,1.28780301916299
"13308402930",0.460034713925988,0.297104036525753,0.624480385219147
"13308403385",0.279274921489857,0.382176316294864,0.38876237771317
"13308403882",0.494298166033489,1.26119590332021,0.881369185760534
"13308405067",0.443575938809925,0.500886115993138,0.545228771130942
"13308405084",0.356788404311597,0.905042700993058,0.959404971337385
"13308405251",1.63148243615388,1.91215484796655,1.29225707036502
"13308405832",0.915870517620692,3.5546402622964,3.10221200682718
"13308406841",0.341654600621513,0.48902992006412,0.51563270539632
"13308407960",0.301611606631515,0.934512986382969,0.705574144211227
"13308409974",0.483740638571661,0.978252889195501,0.858256144696744
"13308411543",0.580381997013823,1.06876247941735,0.64193050550243
"13308413979",0.55736531883727,0.444532492517395,0.947031350763456
"13308414345",0.286432055798323,0.596548503465793,0.755141100290559
"13308415857",1.7004711649212,1.90141034737791,1.2016914768755
"13308417334",1.003125273317,0.476331516260217,1.54999651189095
"13308417373",0.370679465953469,0.923836493198299,0.517873222922415
"13308418656",3.68629770978661,2.23146624316618,2.90372821340733
"13308420366",0.241592180890351,0.238198552993217,0.418371863324155
"13308420401",0.607186243535026,0.346784244631608,0.544378308648981
"13308421253",0.555635597846043,0.958377423505409,0.689399379534993
"13308421765",0.404058513698005,0.31420813598214,0.469354146095488
"13308424279",0.491705168053541,0.462347982313048,0.685914663128076
"13308425625",0.165662470615504,0.0616886452181025,0.142235846863055
"13308426469",0.70170342312111,0.849851098456291,0.468886817919812
"13308427718",1.0262128201734,1.49375501473176,0.544916021311014
"13308428021",2.27490428042904,2.81594646046708,1.99970879170847
"13308429825",0.601506561325516,0.923413660095875,0.959572557904324
"13308431603",4.41318495543113,2.87876939465102,1.12770185128245
"13308433876",0.477741013823742,0.56359522019434,0.509613191164135
"13308436075",0.555117461428809,0.443503978013862,0.316779116702898
"13308436098",0.480618587581244,0.488777435408111,0.284804909950118
"13308436574",2.41100307567665,1.38366303138989,1.07615167576104
"13308438544",0.548270064394577,0.7924874604336,1.24252924734411
"13308438911",0.411777287543349,0.0792166679463871,0.160638669671596
"13308439733",0.530367251441053,1.07817828132027,0.587212332122032
"13308440216",2.10596274281386,2.06382122193063,2.60082645198348
"13308443765",0.54744051781121,0.331125684155112,0.4767287612094
"13308444691",0.433217319079306,1.40077019210638,1.14144404643857
"13308444884",0.27818606163979,0.661632299830593,0.885091363974479
"13308446009",0.309400474587656,0.249993258325064,0.380407853823642
"13308446398",0.312503560523331,0.162582010029112,2.00620639338667
"13308447559",1.30438595379807,3.25820326870646,2.70698727654305
"13308448107",0.305378999888021,0.478900909212247,0.436568223792002
"13308448280",0.555785298783904,0.223375309694888,0.404424120135384
"13308449166",2.63176035483196,1.8213991179208,1.5850372454825
"13308449397",0.288899695994465,0.279162335647048,0.551442680282566
"13308450062",0.599364652675917,0.501641954398081,0.594064450369499
"13308450640",0.534627921821227,1.39095232899653,0.333510616513622
"13308451314",2.57283426992341,2.3749280841916,2.05140019078939
"13308451794",0.116046877025619,0.58118268811727,0.377967747014794
"13308452282",1.23098886982445,1.29511622672492,0.800763456465159
"13308452593",0.164576421643623,0.307869527848726,0.313888262275203
"13308454617",0.582766883040788,0.25226472944035,0.393838666928578
"13308456192",0.317762550529844,0.656464714871643,0.559608245253953
"13308457847",1.50814780343201,0.698361912116702,0.558152149432149
"13308458002",0.397713811760862,0.265497866362311,0.244725469919649
"13308459817",0.56072592992663,0.78723535732407,0.580657793231035
"13308461563",0.59776369477813,0.517082165845533,0.485984514337356
"13308462174",0.15221887664378,0.337573969876704,0.353291233943856
"13308462737",1.17685500899795,2.59703153233538,1.72903428408993
"13308464259",0.314653977778498,0.231396408364929,0.292324889346676
"13308465534",2.54796979071852,2.82465858471479,3.59002829110011
"13308466505",0.43374777454388,0.730986960765487,0.534673679091026
"13308467412",2.40291242804775,1.02086383542592,0.910085389937162
"13308468249",0.67265110801274,0.78783855613593,1.05852894480655
"13308469535",2.11793327275589,0.361344404979109,0.368488799845264
"13308471463",0.490005708713184,0.650494108704025,0.36284926274135
"13308473484",1.3498622322924,0.717129000322424,0.962610380374121
"13308475191",0.24386465344155,0.51783447581526,0.416041402126303
"13308476479",0.262728382053329,0.708638343978923,0.483248921535075
"13308476975",0.394695534187386,0.130459892616191,0.145616076135109
"13308477070",0.369760462921391,1.17325275249197,0.906573919113369
"13308477310",0.888377878069522,1.09985346757247,0.821563623464465
"13308481091",0.223514483293747,0.464741949113525,0.43959236072052
"13308483205",0.757167033495558,0.86152944150235,0.563220480380737
"13308485230",1.34570446128382,1.52053330180771,2.19034341712931
"13308485431",0.41882580498588,0.672457101308598,0.724598885767513
"13308487641",0.15768899216308,0.139498363011389,0.563076398273772
"13308488037",1.08524324645378,0.331449911352287,1.11752318314387
"13308488963",0.193770412547386,0.399003628721461,0.446701930785768
"13308489758",0.606244697131538,1.4715026619712,1.5535814472829
"13308490561",0.220238347175065,0.333143878553982,0.315337186844067
"13308490728",0.33243258209373,0.643809060663666,0.276114481491497
"13308493752",5.11910899753898,2.21921039856302,1.12152840973578
"13308494159",5.11910899753898,2.93413678175033,4.05583560721828
"13308495957",0.256404233195306,0.243462842402258,0.367419493641513
"13308496239",0.774240051443398,0.576078896379116,0.747628309705072
"13308498891",0.383767960987402,0.578656439506093,0.613188246544042
"13308502347",0.426117262967108,0.339220478521554,0.592377042929939
"13308505137",0.70170342312111,0.849851098456291,0.468886817919812
"13308506366",0.269528257924843,0.321283571875154,0.603058514081231
"13308507318",1.31234772538073,0.600919667605469,0.716160424496967
"13308508755",0.349026092298158,0.402716378042739,0.440961809113014
"13308509017",0.438958394614448,0.789830105169829,0.492742025209978
"13308510056",0.251058876679465,0.503331873206049,0.614465898267486
"13308512147",0.917312054702182,1.08734861589757,0.820521665235344
"13308513245",0.699548393770085,0.499170789716227,0.817307419924277
"13308514908",1.04830243621401,4.20003834489233,2.87361885349354
"13308516109",0.65596031393463,0.585235892178016,1.10151948792089
"13308516112",0.262476450214194,0.898194276092291,0.4332407412316
"13308516531",2.38071798276106,NA,NA
"13308517684",1.12038181432864,1.71667948015556,1.14730757115716
"13308519381",1.05065529935642,0.697189997784853,0.452216852340258
"13308521773",0.826469753197423,1.06761646352779,1.16033231843974
"13308523029",0.282871109763057,0.441241287529499,0.593331397446418
"13308523115",0.42071867465157,1.79206364497965,1.22993221645978
"13308525520",0.282098180278047,0.247353135084756,0.695096938393088
"13308525632",0.679007509191819,0.501626864199407,0.497372539289075
"13308527104",0.612350059995923,1.04324342921984,1.17915188189668
"13308527401",0.394745552763063,0.587773821473243,0.661418746270562
"13308529003",0.578611742009768,0.394022834270961,0.30952697047588
"13308529998",0.297760368448549,0.949379864518912,0.817425558375732
"13308530771",2.85018408926245,1.25738020623332,1.85102461249449
"13308530786",0.906367250092047,0.464299586561822,0.245596639516454
"13308533395",0.574823495859375,0.98840695880679,1.34146166146461
"13308534433",1.19229787338594,1.66922273740566,1.59557281881216
"13308534887",2.99745760569285,0.747963460617643,0.765693060427471
"13308535552",0.45824804366186,0.842959397646419,0.729164631390088
"13308536412",0.993863189650689,1.17979351474178,1.20932681581096
"13308538134",0.163037287062833,0.28840510909,0.457986470720773
"13308538729",0.454920565969686,0.346115515482287,0.288275196368452
"13308541251",0.248519122497547,0.271809630040539,0.413584621177048
"13308542244",0.416428381197377,0.448340687435558,0.494550467528644
"13308542908",1.24015399607806,1.03684704148452,1.03469480605249
"13308546795",1.25767629308331,1.16418386240232,1.85190686467326
"13308547225",0.275619918605558,0.804074110541444,0.914830716898668
"13308547501",0.292309273197887,0.56525116745499,0.515398278232224
"13308547731",0.452148861081206,0.395411484750958,0.238062398881699
"13308547881",0.431535494353864,1.21092920121416,0.844836671706332
"13308548162",0.394745552763063,0.51099733110361,0.545303076476626
"13308548395",5.03590619164955,1.5078643186626,2.21036465975635
"13308548552",0.255400001223,0.780996007753771,0.367164884568082
"13308551978",1.54256882717806,1.14929307464324,1.25120833460959
"13308553035",0.4437824489204,0.706723839980664,0.755095462760287
"13308553575",1.63799809014579,1.90687382012309,2.09826452038526
"13308553873",0.321608841262918,0.302396458930077,0.398575433545771
"13308556452",0.250272194555969,0.328629699877297,0.458504123442951
"13308556898",0.38142860296991,0.206420921769306,0.470397872173619
"13308557636",2.43539673986625,2.36852674559096,2.17222367325961
"13308560547",4.85151900453595,0.100094228831954,0.300994479165946
"13308560558",2.24234540357367,3.17650607817562,1.57873782924949
"13308560562",1.44559405280123,0.670364629695342,0.546615956771876
"13308562467",0.490005708713184,0.418409442310471,0.307973271477764
"13308566542",1.43002581750502,1.71060033143986,4.64080498620969
"13308566571",0.435607629673776,0.813201427503009,0.78441302690871
"13308566640",0.324598630794327,0.660918673063319,0.691761148353676
"13308568555",1.19318907558671,4.65315407338991,2.81195338557993
"13308568642",0.116046877025619,0.514266870560445,0.316739673856095
"13308570722",0.429601646260753,0.524481620532031,0.580026180320783
"13308571084",0.556474270873708,0.779966494295773,0.475964526330847
"13308572982",0.465554303164643,0.253137827131241,0.430817650889525
"13308573535",0.235137392288616,0.911113483521311,1.04910520211204
"13308573712",0.69551469196965,1.88233596354429,1.31586324889357
"13308574031",0.560717098323298,1.02924616102135,1.16308798047494
"13308574235",0.549337517571451,0.369290325302079,0.497295679074463
"13308574763",0.639818705727125,0.457769866376229,0.580976782514238
"13308575793",0.281217881028387,1.6328801584804,1.16012583972036
"13308578077",1.08692904897697,1.05706046664031,1.13976736057541
"13308579849",2.15851527040175,1.36089103960853,1.44424301245532
"13308580404",1.31548733171849,0.421666625497192,1.03376511626539
"13308581893",0.337383605410305,0.309313081886671,0.391790460204444
"13308582780",0.649505505567245,1.20304422485005,0.783935065102307
"13308587750",2.75348718871116,3.69587519462613,1.68872338501481
"13308588152",0.330997494389179,0.661694134317913,0.439035405468883
"13308590339",0.240450650127032,0.581930756465533,0.447208572289798
"13308590438",0.781749530440556,0.656464714871643,0.559608245253953
"13308592600",0.574209005448507,0.216815560991501,0.322525112616001
"13308593079",2.01298742178034,1.36790351267653,1.04256686558483
"13308593613",0.352291628745968,0.986946919890554,0.788000190617162
"13308594071",1.43072888219663,1.43756347590356,1.43674462928078
"13308594289",0.532740239976198,0.688690877996119,1.00873994864669
"13308595219",0.670981769462988,0.428453651428736,0.387697758136772
"13308596210",0.359263261285274,0.33110814479255,0.176897660750635
"13308596607",5.11910899753898,2.38469359475363,3.42101097075466
"13308596696",2.2045512248684,1.81279593768109,1.68605489921276
"13308597258",4.09389789057625,2.71416449235733,2.61858583163154
"13308597978",0.216385097232543,0.671401117045136,0.86712097420141
"13308598229",1.23381131765587,1.93621009289697,2.08602678121958
"13308598351",0.431130810087528,0.534240608989179,0.516415985974863
"13308598621",1.65797092500783,3.53084977092955,2.84631473685474
"13308600717",1.07924623235245,2.00370222319676,8.33373675041584
"13308601670",2.04568119102505,1.93114945073117,1.39083052098752
"13308603159",4.13843455539628,1.65777058749431,1.37493831275685
"13308603831",0.593239328449066,0.55613381624915,0.769108268527838
"13308604056",1.6511653365266,1.95396704263052,1.54536673863475
"13308605684",0.752799998307644,0.484975732640065,0.524217095626742
"13308605742",0.547465277248028,0.679576412292037,0.58271503533832
"13308607005",1.91270136463589,0.930343277968567,0.698179637554593
"13308607814",0.911867936521933,0.54237718552697,0.565903647855198
"13308607823",1.03597491886966,1.79581118947655,1.71998049986361
"13308607901",2.07072644469437,3.65115506934177,3.18277168478599
"13308608298",4.3197526922424,4.09756101174537,2.54690809003644
"13308610303",2.07474100736687,0.403812306309035,0.953975195854961
"13308610314",0.31258075494486,0.224667833191231,0.548435841983413
"13308612011",4.33343360169502,1.36010103369106,1.00902632696984
"13308612840",0.309400474587656,0.331309152282932,0.478270083110243
"13308613008",0.650875539090359,0.233027555996438,0.735013837972856
"13308613063",0.129883520745859,0.385921755696054,0.293213189778388
"13308613119",4.31602629750261,2.10167801244073,2.04594145272273
"13308614310",0.345764591102603,0.732966934123467,0.550971398895099
"13308614622",0.232858071687743,0.5194696492891,0.510948795114047
"13308614965",0.304428388311017,0.272889725166601,0.400538155364539
"13308616068",0.449703857162357,0.457395366526358,0.401629123594852
"13308617604",0.181512756011459,0.486527192352686,1.13900207190566
"13308618044",3.08159795366004,1.45077940584922,1.13916146163524
"13308618756",0.438982775884207,0.0377929703069867,0.438749551778803
"13308619288",0.63698913721236,0.376089335997209,0.956608964988796
"13308619518",1.97902338125481,0.72182564647893,0.461112588647956
"13308619602",0.334488313750579,0.717347568764543,0.422405261702732
"13308619842",0.867465657693838,0.143117613059157,0.579738571749747
"13308619944",0.569606065355066,2.12016143535389,1.40327747932053
"13308619985",0.590461661040485,0.494078224270811,0.668768399967991
"13308620678",0.302082021020686,0.475762877999722,0.368063299067274
"13308621337",0.632440033325286,0.707658369097769,0.439250653728062
"13308621512",1.03991039475191,1.39839546508352,1.58127208656499
"13308622339",1.7351999998606,7.01367680907423,3.59277178194222
"13308624694",1.84223285798662,1.19886984396101,1.10303535956691
"13308624879",0.63730398853575,0.942538611856463,1.22771969927145
"13308625440",0.338767924725648,0.547870526834344,0.533069487403823
"13308627091",0.43879885677652,0.466952276618066,0.584134968005517
"13308627630",2.17499963453979,1.56888764058978,1.50030670236976
"13308629293",0.392616973412582,0.821379462911017,0.733630911609583
"13308629804",0.55487153344603,0.967517997106289,1.494847096756
"13308631116",1.3637114171124,2.85875690153826,2.00560097062114
"13308631407",0.5737809114755,0.333364349912397,0.291692435458911
"13308631837",1.77608875148589,0.709415157878788,1.12480883273092
"13308632562",0.479030057969666,1.71922139512614,1.21164784032512
"13308633571",0.249789783226092,0.225995418421709,0.509472717151656
"13308633907",3.22928518741817,1.52237724834593,1.13032289626935
"13308635337",1.0582293197149,1.24452267175464,1.4508172645603
"13308635476",1.70899670055664,1.10651797185653,1.38493982659014
"13308635654",0.350570721531117,0.437326164986646,0.577727804759429
"13308635962",0.215075239464346,0.302818200153761,0.319914903642177
"13308636398",0.191577438821409,0.285321083548381,0.55978928981046
"13308636743",0.966373165631585,0.782052158888053,0.632685942537106
"13308639942",0.682600381263275,0.519638462145504,0.927055076557423
"13308640399",0.49848466633316,0.483510457186895,0.401016376699893
"13308643008",0.335525309975238,0.735804636247529,0.603977559287925
"13308643579",0.901807714683021,0.9080015981912,0.705759534630848
"13308643690",0.438391688779906,0.774792440283496,0.578105505301222
"13308644637",0.321338917414375,0.43945723336989,0.468041298839038
"13308646142",1.18800447829338,0.568178286152529,0.696403968308832
"13308646146",0.698894987421671,1.93495892043511,1.57129356253711
"13308647275",1.88214274832531,0.668995812859777,0.78524872656265
"13308649579",2.19787074820521,0.973598313618223,0.927505872281481
"13308649926",0.486406469415625,1.20923754094871,1.11583984581622
"13308650697",0.606096351230066,0.93118381972398,0.993077251159518
"13308651397",0.40456579847947,0.167002788751987,0.113256823231285
"13308653060",0.626556041198268,0.362934094076359,0.428930716163823
"13308659100",0.707850540579857,0.684264250249888,0.599005737036376
"13308659127",0.621082634658404,0.471686205978358,0.906310480358692
"13308659673",0.543732850385267,0.771993101012236,0.724988172616888
"13308660845",0.7498581594105,0.956822158678852,1.06680610750222
"13308660918",0.344040813661262,0.595610038703901,0.581963960628503
"13308663254",1.04743851555238,0.841732233036947,0.803250168168206
"13308663435",0.23881061392167,0.722507135101049,0.60628415733801
"13308663453",0.661666317244056,0.35507297728737,1.29289988067902
"13308663462",0.430566457541548,0.510166542671666,0.992827957093959
"13308664983",0.433836310945848,1.02051158690277,0.670516798314425
"13308665321",0.606096351230066,0.93118381972398,0.993077251159518
"13308665407",0.350274141070913,0.152372383041718,0.451140909601244
"13308670130",0.388208977405703,0.777415368953768,0.518594900800425
"13308671753",0.711450878659672,0.939350235863478,0.726038497308813
"13308671788",0.994619689889867,1.07980872129205,1.06312684823915
"13308672672",0.411640377038556,0.744830840444508,0.392598102573531
"13308672898",3.81944407264348,3.40044914166767,1.23732541378365
"13308672965",0.654039004856811,0.206556872245986,0.319156457880587
"13308673633",2.2875207270701,0.941375924926168,1.86368078030624
"13308673784",0.471408280458079,0.612152072926378,0.477933613536463
"13308675429",0.945804160332451,1.20597471789,1.07493095528158
"13308679191",1.17367122582664,0.565240571924725,1.22484734908907
"13308679271",2.23632105639907,0.605006563134988,0.676597263500151
"13308679518",0.498634532163997,0.469922932316847,0.607219336062614
"13308681375",0.116046877025619,0.133249332453344,0.262889863254003
"13308681756",0.465650930664446,0.527497715034131,0.694766932783621
"13308682051",0.617497203226343,0.473151217957966,0.406953077670217
"13308682796",0.836296744726407,0.755370547222987,0.640355799707365
"13308685822",0.479454322164337,0.842744336322493,0.786676304328635
"13308686143",0.404789598455299,0.424821487593191,0.371091063630357
"13308686701",1.21186341785218,1.45797981353984,1.20903395478945
"13308686762",1.14537114920145,0.861618866512691,0.783402635523104
"13308687130",0.159413755531054,0.335708755228198,0.359465916169307
"13308688591",0.363647354091121,0.38730571492306,0.485910215253933
"13308692292",0.43383262221829,1.2582366903303,0.931089486333189
"13308692598",0.43341103292296,0.276979236262039,0.506822157099726
"13308693213",0.954918361864197,1.9979266720075,1.80035627329337
"13308693259",0.776834219833804,1.90752209400215,2.76477850705239
"13308694203",0.549022045072415,0.558937107027465,0.726069851175446
"13308696182",0.57954429887606,0.504817404351734,0.341892177337932
"13308696194",0.242747138058348,0.429784199956991,0.627119024182343
"13308698358",1.71022584678327,2.82675751051545,2.71197487899643
"13308698366",0.860496424140738,0.868222040968394,1.37119218184758
"13308698853",0.447740848330804,0.82159569162472,0.605760383568001
"13308699838",0.532740239976198,0.0255903655524796,0.123545911163121
"13308701085",1.90693287611016,1.02073116366104,1.43584649113552
"13308701465",0.275466726814218,0.263282184970875,0.552291407150549
"13308701537",0.693153942538961,0.739108898624507,0.528842306379805
"13308702449",1.06216639742905,0.948759180147992,0.902584724972656
"13308702650",0.778229511412239,0.65111859147655,0.613391050842877
"13308703948",0.318893939857677,0.517840914711184,0.42082874356744
"13308705590",0.319729070266888,0.327227796737261,0.30532014126513
"13308707699",0.68240635567042,0.732304651797161,0.325015522556148
"13308708043",1.66354010377522,2.8017781182874,3.96455239517746
"13308708728",0.169432524498225,0.0659905003823305,0.0679774271288871
"13308710879",0.318893939857677,0.345426156858095,0.351776532512266
"13308711674",0.393269368541417,0.57947959419145,0.677845871742081
"13308713422",0.447101434112301,1.16548762251013,0.993948920141867
"13308713461",0.255511285501919,0.335258124226123,0.313457134127774
"13308714237",0.796793001545554,0.370587576956316,0.382083802750853
"13308716329",0.639818705727125,0.872206479101622,1.79828248535601
"13308716426",0.561122433404122,1.46287425183684,0.976725850385087
"13308716594",0.228625993195882,0.693052292925072,0.601727451289035
"13308716865",0.482198337153834,0.993080217434873,0.857716718412732
"13308717048",0.423283244661999,0.18348289435698,0.202684808551559
"13308717591",0.350324113846586,0.349444644317713,0.47438422118638
"13308719299",1.14537114920145,1.4508977220557,1.34502271753496
"13308719770",0.46914435830094,2.09900897246952,1.72257670375683
"13308720771",0.396079874612714,0.224459909050795,0.465106323554692
"13308721730",1.43140112300859,1.82109720968247,1.22431461421436
"13308722530",0.274478630994298,0.279064281661755,0.315867792516871
"13308723208",0.458959084990635,0.465662912900754,0.782061860664005
"13308723431",0.252445697622205,0.320862702921928,0.488441518252794
"13308724009",0.219062220836061,0.158036269956667,0.367801075101229
"13308725143",0.589320682571584,0.586471926363025,0.762334926201845
"13308725344",1.58709755689414,2.03730408087938,0.61604962511833
"13308725839",2.92609659525732,1.8681140443846,1.96925807066154
"13308726183",1.23375426749379,0.721737048502822,0.681195790342079
"13308727255",18.0409363614381,NA,NA
"13308728281",1.08692904897697,0.773126938169206,0.719213915349442
"13308732659",0.336782719530964,1.10871457515208,1.66866733476478
"13308732691",0.89760379939754,0.530101741372914,0.582231710990811
"13308733523",0.89075305111124,0.911300566830396,0.690931754404659
"13308734199",1.04166746746774,2.88294945618989,3.39793831503184
"13308735090",0.209844801184879,0.292106951416757,0.592849804913785
"13308736053",0.677794199565364,1.15437621857469,0.660340166194954
"13308736818",2.5514031735624,2.26803632204873,1.08118741912697
"13308737798",0.259268123762754,1.13796273124399,0.353202857461623
"13308737958",0.700776184887064,0.608436587378881,0.854232823695669
"13308739948",0.668875570985871,0.669968395392086,0.620819540564924
"13308740373",1.25841434444708,0.880141836895312,0.723025638390692
"13308741975",0.578611742009768,0.394022834270961,0.30952697047588
"13308742426",0.602361706635396,2.53275193202576,4.37106834943774
"13308743245",0.288101403402294,0.534982698214761,0.205361502626472
"13308743395",1.62502345570619,1.18290522856551,1.39735840591726
"13308744856",1.63372510076609,1.46347994554762,1.62894812828681
"13308744868",0.736661507154434,0.68805067496222,0.563767701997328
"13308746346",0.932113270415605,0.58792655036943,0.680791817708674
"13308746592",1.18051167639796,0.325823852468831,0.489958216178591
"13308746616",0.290039190580408,0.313307929733843,0.297852748834848
"13308747738",0.357471890138043,1.27778427316915,0.752909132252097
"13308749103",0.74991521431271,0.389155736001402,0.567020042260181
"13308750046",1.19411165936629,1.71571162510598,1.46949968602183
"13308751054",0.195616722524828,0.414590366906162,0.370973456069517
"13308752294",0.266658146834226,0.766812862642616,0.53126885037203
"13308752752",0.653667355266866,1.17237293058879,1.50789465304696
"13308753202",0.652286606993078,0.172788336910359,0.707214345235192
"13308754433",0.807876963558518,0.471632299106895,0.552378904813198
"13308755157",0.16227123202918,0.181914554627953,0.304035789658956
"13308755247",0.381928722283073,0.224228103233765,0.252370115146264
"13308755605",0.315150153616624,0.550177761312082,0.329614984308532
"13308755746",4.69837129064677,1.66380705289415,3.02354483072783
"13308756009",0.175951293335097,0.0627052600164684,0.15535393824456
"13308756574",2.40516660499891,1.81394568582785,1.72152636889322
"13308758978",0.875749650173841,2.65796355622905,1.5902110999701
"13308759701",0.218708019712171,0.466533824709403,0.402948750717165
"13308759919",1.55375698204904,2.46882454402384,4.39165688002619
"13308759988",0.71448106536572,0.791061574588856,0.712396967691426
"13308760246",1.09932611231579,2.16610257739181,1.57655514658916
"13308763368",0.57586833886808,1.30072717878921,2.11037631603303
"13308764205",0.482674057712423,0.813230191138302,0.554233222870737
"13308764407",0.171230146897873,0.32904406447068,0.550023385747725
"13308764844",0.161564578295571,0.793586130560445,0.537872418124801
"13308766018",0.696524969415608,0.461751216546921,0.897093854982992
"13308766301",0.162883124726459,0.382910676824614,0.46129015856364
"13308767262",0.337029592021201,0.700506841462426,0.73988445876239
"13308767982",0.427685578496616,0.592999232985362,0.579039401169029
"13308769969",0.602459358332729,0.792549286486847,1.04450472074583
"13308772042",0.609050699605087,1.76391365609208,1.47566837471441
"13308776493",3.80020964415976,2.21782344965811,2.92194593274505
"13308780179",0.49848466633316,0.509430007873642,0.515343408938269
"13308782971",0.249850742675419,0.956685725242459,0.762831750156369
"13308783415",0.549231160447374,0.521373843629709,0.59764521849581
"13308785534",1.00091413437895,1.28155372070023,1.15804979144889
"13308786926",2.11579967187076,1.90610439332656,1.71956807297234
"13308787375",0.781749530440556,0.656464714871643,0.559608245253953
"13308789234",0.263711103427361,1.04633052158648,0.436110172983843
"13308790555",0.921282664249704,0.417018338380354,0.628678205238644
"13308790598",0.553809351705017,0.115634321235866,0.261376774666719
"13308790908",0.179912892701967,0.315751454162977,0.545870497814173
"13308791228",0.726367441161402,0.328339536642239,0.443877839070771
"13308792403",0.987252304711349,0.269998732643836,0.429363840732846
"13308792593",0.226386011209409,0.323133751823498,0.526793201899024
"13308795768",1.01434908495457,1.34908705480827,1.25285152936712
"13308796745",0.693286317062224,0.696194784290824,1.06913652586508
"13308796830",1.03641039682575,1.42506036825618,1.95171782909549
"13308797071",1.11366415609041,2.93729377036723,1.68875502866619
"13308797077",0.826709160818348,0.48597998128171,0.474941952923936
"13308797826",0.434346332504793,0.535983884828727,0.476816197537895
"13308798043",1.19822933414673,0.547722481443121,0.806034939892181
"13308798058",0.321338917414375,0.256665902469797,0.344903677655876
"13308798633",1.23253200040719,1.31343662259237,2.26291633693477
"13308798908",0.549466586397364,0.650179856125401,0.52835762459098
"13308799275",0.246895161515501,0.276090959486819,0.221419205561368
"13308799922",0.336027200239804,0.728098541801457,0.467109468436543
"13308800786",0.373757149531481,0.833892402059635,0.844015904909238
"13308803050",2.47611356941204,3.78218762870689,3.01930576299353
"13308803785",0.320577899188483,0.374695434653634,0.372646748369202
"13308805312",0.601505300564098,0.468143704122271,0.250420987519054
"13308807080",1.32995728804438,5.41886688753437,2.40336187844241
"13308808639",1.17045172048748,0.826490530282588,0.618470796390328
"13308808697",0.59776369477813,0.452461009884656,0.401439959926836
"13308811939",0.643005217129561,2.15921022459852,1.45254507294806
"13308812227",3.00991644800722,3.9383724316873,2.67920016965884
"13308814852",2.69906953805785,NA,NA
"13308814993",0.60552782694801,0.66472972694056,0.490314791684696
"13308820668",0.269399656518438,0.637516764268273,0.809275297410534
"13308821126",0.180873530982601,0.340717626139805,0.523226172374013
"13308821510",0.855537772034511,0.302872337443273,0.248945712830548
"13308822201",0.646756618096175,1.23839262415346,0.927253476902569
"13308823870",1.43884137069889,3.17226258882516,1.42780544648705
"13308824299",2.28108026180667,1.77247358982657,1.85111442697065
"13308824640",0.504897526292058,0.292416267200573,0.649924497347629
"13308825948",0.347053121596928,0.303482706811261,0.398833345928712
"13308826007",0.298922537325348,0.591448898592905,0.539626299505637
"13308826773",0.404335559288765,0.581155817553178,0.763217595141054
"13308827288",1.39703689487686,1.29325867987229,1.33345415601226
"13308827724",0.575561384213717,0.700439272221533,1.04262704280758
"13308829219",0.445071918071811,0.300618087964256,0.546487257059349
"13308829430",1.54256882717806,1.14929307464324,1.25120833460959
"13308829463",0.577296305545346,0.215640310302286,0.203381406537165
"13308829900",0.456230104586489,0.387215682632194,0.613409716676969
"13308831041",0.679940068341362,1.10836116168333,0.812942570699138
"13308831053",0.666005310729603,0.673487828321062,1.12831829561895
"13308831183",1.62181855008906,1.83006981299685,4.1465536649719
"13308831849",3.252416336887,1.51480506138637,0.597169759854576
"13308833381",0.441222136617652,0.614146893743635,0.671857287519963
"13308833489",1.20442913706085,1.09696411616474,1.54770606508936
"13308834095",0.777433365827713,1.99709844547248,1.55287339327542
"13308834114",0.351805606751826,0.115633645814423,0.340480702448719
"13308834438",3.32992580670384,2.7247722161417,2.04746124624511
"13308835497",0.116046877025619,0.326154262049853,0.243883821282292
"13308836731",0.156311150075324,0.206133200435452,0.402010916548949
"13308836890",0.631340560087976,0.666136259444871,0.612707021237245
"13308837975",1.28763048083253,2.51890525744159,1.12739654708598
"13308838079",1.04996312761225,1.35182868850015,1.97025538516269
"13308838248",0.612105363867327,0.463506602819729,0.588616779369855
"13308838294",0.308977942135588,0.261342899763263,0.197677982469907
"13308842502",1.15478891650329,2.34263906072214,4.4319409687909
"13308842973",0.863213424558658,0.661933782634053,0.647859813111497
"13308843415",2.54845180628748,4.03107147697219,2.67178908013775
"13308844206",1.0405407429419,1.36765776215192,1.260060697392
"13308844414",0.818415985530643,0.512978288566492,0.664647876325946
"13308845511",0.661666317244056,1.2404589683354,0.903163961403016
"13308845690",3.30225989466352,0.860583007586767,2.03313907248528
"13308846564",0.547465277248028,1.51446639237705,0.582571231601319
"13308847830",0.279005475973077,0.569067032699501,1.16568600706319
"13308849019",0.274478630994298,0.125838061299299,0.23132235964139
"13308851712",0.322888350871643,0.154551348412968,0.287472830149754
"13308851882",0.207440208131538,0.265941056037394,0.262087461529209
"13308852689",0.318666071809575,0.608258780237022,1.11778497115775
"13308853255",0.186951969671538,0.289778566190997,0.178281481051503
"13308853531",0.239024228077809,1.10214290565704,0.757646981795446
"13308854472",1.13835397956642,0.320799964364735,0.753290628041185
"13308854707",1.60056549342704,0.700093195751082,1.24158742430152
"13308855871",0.294342337519111,0.263910473090175,0.183808583800398
"13308856860",0.875749650173841,1.59846346832854,1.63170063770871
"13308858924",0.701946125805619,0.126173742444642,0.190371996148607
"13308859649",1.52472158418229,1.12632317007816,1.09368605569039
"13308861283",1.51588233814972,2.22114594263922,1.33901879204873
"13308863587",0.193263386488511,0.637316723243629,0.390907601336009
"13308864367",0.367682835309073,0.165385610688447,0.424956523554201
"13308864970",1.31952291871541,2.0653107085204,1.84465611109698
"13308865113",0.506795033497014,0.825375014762275,0.94805379363341
"13308865694",0.391237814501292,0.351768663596224,0.538115864121705
"13308866199",1.84223285798662,1.56201832801613,1.2716644748518
"13308866247",0.310355876326482,1.06009621382449,1.25869235935824
"13308866319",1.47717927440777,0.600734851200823,0.714472994635969
"13308866878",0.18133601372086,0.0973066718858093,0.440833439083257
"13308867032",0.872189385985814,0.590742150983847,0.645777856193762
"13308867592",0.84890795178214,0.352425042570689,0.593700997911416
"13308867705",0.960181378881299,1.62426745128133,0.685411170290341
"13308868550",0.314379059519303,0.328760470328701,0.212676583899114
"13308870761",0.290039190580408,0.336616769494832,0.31614800065357
"13308872135",2.11669642683986,1.17562085247154,1.24788980570022
"13308873579",0.587988363098702,0.811149469803346,0.605518578888199
"13308874174",0.399292962825631,0.788332745844144,0.619946248486452
"13308875989",2.00278457972589,1.36664938395454,1.26847544642094
"13308877098",1.08245918634361,3.35841037109878,1.06595161364485
"13308877140",0.347975678176692,0.378505874770424,0.357907362328063
"13308878435",0.322888350871643,0.0868245742070614,0.241057401893851
"13308879563",0.41848375961853,0.574324491523074,0.381236305037362
"13308880179",0.629577744243524,0.522058126934451,0.451476663668236
"13308883606",0.240036366474462,0.575726685196492,0.965444872632138
"13308884770",0.564136917193057,1.44653398120152,1.2141860304494
"13308885837",0.232833208805791,0.476707623941115,0.47842622057065
"13308886395",0.316775368168958,0.478775906067367,0.779660258437156
"13308886583",2.14784271571493,3.16205885577381,2.08304203127147
"13308887991",0.464605816376203,0.462567774104207,0.497506720191476
"13308889058",0.183290771205149,0.541341201348082,0.420034106036032
"13308889233",0.43879885677652,0.391229047888963,0.555140115747644
"13308889460",0.895623643439593,1.10611669279749,0.904672949084813
"13308890239",0.768102578882832,0.0529266519085383,0.16722727237229
"13308890727",0.414263034821867,0.60439701144062,0.697989974030285
"13308890770",0.57630493658483,0.400078185561662,0.538726298608767
"13308891528",0.809333762806219,0.918517117784868,0.60061802548123
"13308891635",0.273975646824703,0.391426885770208,0.427877073445204
"13308892030",0.163227600535108,0.79129860916964,0.458640605469076
"13308892095",0.139062409146512,1.22567307802595,0.419103614624967
"13308892742",5.11910899753898,4.09103202496273,4.38482462468937
"13308893167",1.59195236271519,1.78853085335959,1.40166760036022
"13308893383",0.609050699605087,1.76391365609208,1.47566837471441
"13308893466",0.396079874612714,0.458067474337186,0.890103871798766
"13308894005",4.33043966685028,2.47047223184057,2.42989588854161
"13308894452",0.718593308148806,3.67756181005082,1.40007188482958
"13308895291",0.578917452596071,0.748428566312609,0.611169149502412
"13308895390",0.371866878648185,0.370544716524636,0.651009824459044
"13308896979",0.229936439325001,0.251981249857504,0.20572453491821
"13308897259",0.182040931121142,0.11667057098325,0.093953476527027
"13308898354",0.43374777454388,0.730986960765487,0.534673679091026
"13308899221",1.47839535733038,0.853913931204248,0.754570718544706
"13308899257",1.52472158418229,2.03780781212067,1.13342754158511
"13308900000",0.329359808141078,0.302478133190709,0.208805079928026
"13308902179",0.176737504708508,0.551888420428084,0.357179618536418
"13308902190",0.578917452596071,0.748428566312609,0.611169149502412
"13308902703",0.662590463081753,2.58980149702971,2.10018553728613
"13308903592",0.637673390777549,0.898064369593139,0.456533786435789
"13308904016",0.894464051727269,0.32557261682737,0.454191734711748
"13308905030",1.13677733130554,1.4305134142091,0.92661549047234
"13308905679",0.622254835971507,0.680419001457917,0.432736506465009
"13308907179",0.95911050169655,1.90317086329452,0.91972294228691
"13308909502",0.116046877025619,0.502702207689114,0.492485205677462
"13308911218",0.273975646824703,0.273862259811456,0.366472006236809
"13308918504",2.06810672849464,2.30244404237497,1.17278030587307
"13308918620",0.836296744726407,1.05589598562832,0.857977649456316
"13308919004",4.01974272528515,2.81236515235571,4.26522487536433
"13308921244",0.913261606650928,0.809130423272617,1.51803721669806
"13308921271",1.29866047728939,0.831736098687544,0.779396357978802
"13308922075",0.679670601500321,0.140590889135603,0.282900201970114
"13308924081",1.06155722637684,2.49323931763206,2.9992332890266
"13308924254",0.52286401246304,1.7389307992028,1.25293057409087
"13308924596",0.132056987854685,0.23853816309531,0.238074642534945
"13308924946",0.273079340949425,0.356609411004713,0.111549026478118
"13308926406",0.951031290282411,1.50711242785518,2.44972434567098
"13308926623",2.46637324291402,1.60033310806147,1.25920701116538
"13308927049",0.570697043217304,0.649448611786106,1.222507496989
"13308928085",0.2520912809662,0.283375851339507,0.60479818475023
"13308929891",2.73326909764469,2.47048051346502,1.90724480088393
"13308930049",0.615195681492332,0.839164838543137,0.763134749075512
"13308930113",0.609419386999838,0.627670552609311,0.969281961096922
"13308930496",0.279709682954364,0.297066566571955,0.557188134889784
"13308930813",0.464829990948088,0.351643986162063,0.166035149952757
"13308931849",0.418505671338397,0.201803462395337,0.154143550051957
"13308932252",0.602117397837727,0.187817037536706,0.230647110804943
"13308932339",1.37344530969945,1.29883700439297,0.867495514862774
"13308932967",3.21599919801097,1.12892972826986,1.23452898178015
"13308933392",0.400463719944834,0.74039279964795,0.61604456980034
"13308933741",0.382991023318232,0.157399714503811,0.335423308498557
"13308934986",0.826374083581944,0.419391302445267,1.13333041074706
"13308936300",0.777343640523036,0.378869416081992,0.45823915832225
"13308938406",3.77557361976407,2.55631191757267,2.63137026699692
"13308939055",0.979606766182575,0.444241166729636,0.675358277291269
"13308940000",0.213101250756146,0.367663792908838,0.594881383592439
"13308940803",3.34185094178188,1.73304335790088,1.52350512417492
"13308942417",1.54640989311476,1.01132472091612,0.860544605569033
"13308943014",0.457350520405082,0.202720179112346,0.3387426858362
"13308943835",0.198044242965803,0.762151328592859,0.385949712105756
"13308943973",0.274320238272003,0.336961862750173,0.461013646079528
"13308945323",0.215005364817451,0.324544046072994,0.352719549193938
"13308945630",0.429893281827549,0.638940554319169,0.629399222002973
"13308947596",0.335525309975238,0.564442287327949,0.387551552381136
"13308948650",5.11910899753898,3.63461663599755,5.0663234959311
"13308948833",0.430407839914661,0.137849313874699,0.670118995151118
"13308949157",0.452422980023911,1.00654180944625,0.752608425669988
"13308953525",0.633654509729879,0.467386233560195,0.526880276982956
"13308954443",2.46722082968096,1.53317993302316,2.88508253005618
"13308954973",5.69053119523549,NA,NA
"13308957526",1.14353142765616,0.625576306791429,0.749053503287484
"13308957555",0.429621155201746,1.33624035642836,1.16005372268327
"13308958122",0.216385097232543,0.671401117045136,0.86712097420141
"13308959812",0.507791083611654,0.587948623853851,0.564624793676596
"13308960358",0.292831393807622,0.349768358028532,0.610960417317695
"13308962270",0.844538243723134,1.30532787935735,1.67323819940079
"13308962659",1.75258050870312,2.09234934990007,1.5230226410106
"13308962844",1.02858905072033,0.701101552646956,0.8650171912095
"13308964514",1.23212470813349,0.598454114211806,0.623096546998529
"13308965738",0.16979945670156,0.210830498745321,0.399633895388523
"13308967250",0.933581640369193,0.815553186754646,0.992884128596172
"13308973236",0.339674002141604,0.455285116406616,0.739738409089786
"13308974974",1.47749261936198,2.61898256323415,1.57878516782973
"13308976516",0.241961475091804,0.303228082248685,0.446052917672206
"13308977070",0.709185991587589,1.19179514944373,0.766918158999459
"13308977988",0.518234704994807,0.341969877249072,0.261604787926722
"13308980249",1.30161912542992,0.282598804391913,0.756469794461945
"13308980477",0.407196568566449,0.917670423559617,1.24246020903467
"13308980832",0.664954994813018,0.464750081706963,0.694674012321592
"13308982759",0.204010906293485,0.221322994544738,0.360872558746731
"13308983463",0.976739352025379,0.674456863324338,1.58721427983249
"13308983640",1.4873621194752,0.993891156114731,1.45846727652356
"13308984262",0.279274921489857,0.441843201193253,0.407607242898717
"13308984786",25.015719560076,NA,NA
"13308985555",1.00303234165847,2.19678914066132,1.4323463738969
"13308987135",0.396644785625638,1.80289697490282,0.860093666073447
"13308987983",1.63769968243256,3.73985545906383,1.71004562047368
"13308988196",4.80158107500566,3.11649208423422,4.51529975176151
"13308990926",0.50255714840662,0.565410283476727,1.73518347062328
"13308991889",0.223222411756887,1.28706322168685,0.679240921266362
"13308992697",0.423839856329987,0.524091806812292,0.687529815694448
"13308992904",0.310355876326482,1.06009621382449,1.25869235935824
"13308993033",2.63854886671261,2.63382999772253,2.54185704375956
"13308995080",3.32948021257865,0.174799541073262,0.337379863595917
"13308995420",1.3869041062676,0.809056292922124,0.841032218545957
"13308995485",2.37911970116906,1.18418834071954,1.04810860180421
"13308995570",0.238058536750898,0.618496381008705,0.839860380897514
"13308995640",1.41337506559585,0.550246683858455,0.655776070905121
"13308996521",0.230712205484998,0.163137677778748,0.451130350008928
"13308998714",0.291535140539974,0.164658029339983,0.294415563019189
"13308998873",0.906018543163719,0.564135374687302,0.683922052065905
"13308999481",1.41689588336659,0.583670331189156,0.659142113518248
"13309001185",0.223691631139252,0.550874507638912,0.475743852449621
"13309001834",0.979293527030855,0.884613655503694,1.40448769394284
"13309002143",0.590461661040485,0.46324893997071,0.548713561569679
"13309002555",1.47342520412779,1.25973988589278,1.17692028465266
"13309002926",3.27896757282061,2.34827005383678,3.27731998898335
"13309003304",0.339946255567386,0.266547381840853,0.488597760417718
"13309004208",0.627145653413315,0.620129112505673,0.580818662763108
"13309004952",0.547465277248028,0.881627530927581,0.610860362930593
"13309005313",0.736335912215939,0.415678629856763,0.71287663906492
"13309007024",0.447742562359362,0.509750447448294,0.275851929146673
"13309007198",0.555117461428809,1.11683672957584,0.419977813755217
"13309008164",1.7595458498927,1.35845003493913,1.41927382975161
"13309009939",0.629577744243524,0.522058126934451,0.451476663668236
"13309014126",0.397900598572936,1.22776135439863,1.2542090479871
"13309016942",5.11910899753898,4.70334122078166,2.17858305368746
"13309017316",0.240036366474462,0.33596906073074,0.546799169799195
"13309017340",0.443956538102622,1.75346825395908,1.43251459320217
"13309018650",0.63730398853575,0.473039336413078,0.87308536772525
"13309020784",0.889467371172627,1.3372710035665,1.38493836460711
"13309021045",0.670157618240284,0.503878365277206,0.481395862237948
"13309021740",1.56503027758798,0.733669655906592,0.740663223389612
"13309023095",0.375241449805967,0.208778093228396,0.519733788067297
"13309024132",0.41374303944185,0.150961745032344,0.318645870667646
"13309024357",2.86236470078162,1.05661002798047,1.53224123575321
"13309026810",1.51503980740161,1.68169385083041,1.23400864074435
"13309026875",0.32321911982973,0.490237175773869,1.00404621785505
"13309029776",0.249488469201532,0.408812348760718,0.412789689757414
"13309029806",0.776535731639739,0.272810211403118,0.441609262946836
"13309030585",2.08485593318341,1.56963762270323,4.81690603944528
"13309031094",0.373594680990303,0.6810905737772,0.3082457450409
"13309031700",1.08692904897697,0.846638903902238,0.679578306007067
"13309032497",0.249850742675419,1.32579598974365,0.905899535853692
"13309032499",0.322649138101251,0.669511763670322,0.815697143003542
"13309034559",0.524346695917806,0.614154410636924,0.690361334548627
"13309034663",0.430690240163651,0.319637301661238,0.740003297555443
"13309034791",0.627034595311372,0.926477661611414,1.38938951757367
"13309035827",1.46631308465482,0.633620822801765,0.436468989784046
"13309036218",1.30794406436292,1.5508355516392,2.03798340262015
"13309036261",0.562423657451073,0.450287487640136,0.9900953248554
"13309036387",0.291072056669087,0.458114395807208,0.825242599656691
"13309036817",4.37020665605874,2.09426846924751,2.39572330292667
"13309039335",0.449377606496981,0.430928140955159,0.229272214563576
"13309040295",0.673877265033511,0.498035776270599,0.365386814589608
"13309041063",0.344655974092188,0.218216190448628,0.374793858167902
"13309042708",0.482098021885434,0.663218190965456,1.04934174000163
"13309043157",0.510993882789005,0.346665618600021,0.614258031677169
"13309044470",2.19240207424285,1.15128326976812,1.09351105332684
"13309045179",0.707772425399127,1.37205877800939,2.24548296393941
"13309046016",0.447742562359362,0.568738814341084,0.391202432350027
"13309046429",1.49093230027811,0.881025223068689,0.965962179310824
"13309046659",0.355844112621147,0.55052587296969,0.378915483784451
"13309047640",0.93722766713739,0.962408333241502,1.20989193080771
"13309048414",0.162205182232618,0.572725727745794,0.671490553482757
"13309048666",0.315477400109532,2.08183003934806,1.15000983198794
"13309049807",1.30045638726602,1.07494566047419,1.1648642386638
"13309051586",0.516048276041211,0.747303084327984,0.86499393410957
"13309053043",0.368570948188137,0.222180470808629,0.288465778540818
"13309053713",0.116046877025619,0.242038589908243,0.31619384381896
"13309054281",1.2342563531331,1.35441166079206,1.43274228860825
"13309055824",0.571749992800197,0.739924520718702,0.724459867591553
"13309056386",3.14408035257535,4.03945471796474,4.91161245884915
"13309056533",1.19686899376118,1.24357934002537,0.496139692587076
"13309057902",1.80868566565868,1.14798825257575,0.79220183682931
"13309058076",2.28163959991163,1.28398904432254,1.47128504717444
"13309058693",0.154708830013028,0.45525218721863,0.565033983276923
"13309059401",0.185847205916193,0.130679719261151,0.345502523001002
"13309062017",1.02276381570727,0.791626538149397,0.594508911950174
"13309062628",1.30794406436292,0.833277981202945,1.15555468890363
"13309064144",0.598976674343331,0.680550649306038,0.805245281749098
"13309066257",0.416428381197377,0.76031344336936,0.598974551511389
"13309066946",1.9654713862433,4.67796053037131,4.26306639072893
"13309070459",0.255618868106043,0.332666049906309,0.534565824084983
"13309070697",3.00028404073395,0.187884109945679,1.45830114496623
"13309074047",0.14311007850607,0.0788325032966981,0.158650095174021
"13309075236",1.25106467079893,1.3978786686381,1.41637178800905
"13309076329",1.42716893715449,0.537339367325025,0.489397799640852
"13309077868",0.751098643639448,0.381460819566781,0.730996988915782
"13309079635",0.320257281564474,0.501802458149983,0.363966840328175
"13309079783",0.264747397090149,0.063697381412878,0.181568920820492
"13309080320",0.293913760965026,0.339343423971933,0.716486514045791
"13309080784",0.477741013823742,0.636469124924867,0.356504226940273
"13309081339",1.16203361705747,1.70498199088335,2.84981760894977
"13309082434",0.28192134517031,0.290094550026274,0.715482223824691
"13309083684",0.367872631940743,0.431320002888124,0.549223344614621
"13309083689",0.46841096949754,0.741193666058545,0.706621949544435
"13309088002",0.597174952096611,0.462216178739558,0.501087905745808
"13309089548",1.33340182031937,1.04186445254474,1.17631203082787
"13309092299",0.715908648140318,1.29874652020889,1.41344366858594
"13309093682",0.199857531034445,0.157056178784304,0.202696833567892
"13309095741",0.196781459733999,0.742333931796483,0.577898042849434
"13309095910",0.5232482693418,0.499223370576045,0.244252376446645
"13309096379",0.668875570985871,0.598269763972371,0.69587561485346
"13309099245",0.293913760965026,0.309514332226988,0.557165987401214
"13309099323",1.98061849000475,0.656199513629492,0.710470303493938
"13309099352",2.44921585946098,4.04966080747304,4.04791398680875
"13309099637",0.320257281564474,0.345196699039252,0.308263497435883
"13309100577",0.259635211619861,0.200635284386756,0.384984091438769
"13309102358",0.42431914569908,0.371150073552963,0.268435087410633
"13309103015",0.300791631824844,0.418059180966693,0.315388451828527
"13309103536",0.452422980023911,1.43394920515649,0.797562359832449
"13309104705",0.375241449805967,0.208778093228396,0.519733788067297
"13309105242",5.11910899753898,4.09756101174537,4.14613322386156
"13309105384",3.49601180060689,0.185049571498005,0.585247649539467
"13309105416",1.43236882945923,NA,NA
"13309106563",0.86223456383245,0.727037845011071,0.485738605911203
"13309106743",0.264977613687968,0.608664933460235,0.663701494088803
"13309107027",3.41746981076205,4.78077279981017,4.37391269192345
"13309107257",0.35534122867411,0.846338089853865,1.00055630234681
"13309108631",1.60879648971918,1.41063918849975,1.71464280701786
"13309108834",0.24873972415917,1.01668489402273,0.681402400999134
"13309109001",0.47214442672876,1.61943999663156,1.61602634300784
"13309109076",0.633471585761395,0.506550438287974,0.365298146839451
"13309109195",0.428425186466376,0.363243591516563,0.231043056881095
"13309110150",0.709185991587589,0.962375770909384,0.784566273918941
"13309110281",1.96991048228878,0.860350324384385,1.17820904918494
"13309110585",0.340998715402281,0.236454818116362,0.276024957528249
"13309110976",0.463258265916571,1.24275420180341,0.535451970249069
"13309111428",1.26525882926426,0.539397891398785,0.477913459573422
"13309111815",0.261747311827665,0.42361880959102,0.830436721439834
"13309113265",0.504897526292058,0.883475129722781,0.983345725865206
"13309113686",0.826505461110397,0.815665558217274,0.737341797789966
"13309116311",0.412767880230958,0.359059565194614,0.257121076405037
"13309118230",1.56247172445303,1.94880822398684,1.42857386879171
"13309119558",0.183996479909607,0.0740060888267304,0.261147961934912
"13309121033",0.183996479909607,0.136941732811139,0.358978255613958
"13309122142",0.998334991451007,0.812634827241617,0.850886553587893
"13309122311",1.01750137800196,0.324725775324111,0.641020513874036
"13309123042",0.406597423723353,0.312725462218295,0.462769505568975
"13309123694",2.89235691183517,1.66527464254058,1.13879162999454
"13309125831",1.92183355847879,1.19937163191352,1.9386777602005
"13309126453",0.344593099155882,0.525156883197711,0.41822118600105
"13309128127",0.527784074820567,0.471622119914412,0.869725913742029
"13309128384",1.73028232536006,0.76851386448573,0.976005663046084
"13309129005",0.432589371675705,0.453984213657139,0.877151645215956
"13309129650",0.134114551933401,0.458544468028263,0.423951214383332
"13309129974",0.42766515786245,0.232527606755888,0.51895543236141
"13309132157",1.4843649102925,1.18909271289402,0.883694335466127
"13309132516",0.685960969138395,0.201803462395337,0.179714199099973
"13309133210",1.72776421875044,1.16953818485855,2.1558848091686
"13309134667",0.417680476096202,0.487250492333504,0.409640409012
"13309136446",0.519222349092729,0.382008273863326,0.548531292799242
"13309136693",1.1060233591731,1.29853275556046,1.48793166392416
"13309137395",0.209856445641848,0.405538674388925,0.40377495088303
"13309140343",0.359263261285274,0.627431012569732,0.377357942496573
"13309140398",0.340121048524498,0.270628819940513,0.17127293754035
"13309141046",0.265231467448417,0.153458794161822,0.312113745871934
"13309141198",1.26983650319983,1.10190707454525,0.960053756810432
"13309141776",2.41922630441984,1.10404378901971,1.25138943696753
"13309141858",5.10715383299729,3.27906011332866,2.29124188013851
"13309143097",0.243479531385141,0.11085425268669,0.302025573042255
"13309144596",0.264747397090149,0.0721637380249499,0.1980517343002
"13309144820",0.278445613204003,0.37984906858082,0.660432836005528
"13309145195",0.333164698962578,0.285535375018993,0.531228319499146
"13309145605",0.370683731251996,0.555727133810974,0.465605423848548
"13309145736",0.392616973412582,1.01508751321622,0.88579279352364
"13309146584",0.661666317244056,0.452603624941428,1.4260467381438
"13309147683",1.36247171387501,0.831448263662291,0.668999170026901
"13309148886",0.952741676490244,1.04147134602692,0.827462724139504
"13309149463",0.935041697712876,0.813570823965158,0.699696403952573
"13309150032",1.69654988661802,1.09392615098873,1.47082811702398
"13309150417",3.48096306332459,2.43829640954269,1.92570428845115
"13309151109",0.137153211630276,0.126861777399596,0.298973444753742
"13309151282",0.74991521431271,0.429459642488222,0.458460626771137
"13309152168",0.286172424848701,0.158517436016088,0.152980889521824
"13309153725",0.947895766441979,0.920879338733391,0.563669540118242
"13309154442",1.38507506898202,NA,NA
"13309154563",0.483949259884458,0.68008290283024,0.528069153993906
"13309155393",1.46596889351986,1.69826385682728,0.800546639704784
"13309155764",0.264977613687968,0.2929263675444,0.356823948958847
"13309156061",0.896457375340373,1.33715853752374,0.668505437747219
"13309156206",1.58103018927338,1.6938878926587,2.48982244957215
"13309157379",0.46914435830094,1.32924733251337,1.33212138446219
"13309157467",0.369081015859659,0.119809413174504,0.223217731895917
"13309161507",1.6481575921528,2.5385309310546,0.562716486775662
"13309161625",0.809155499834617,0.478138713744355,0.574706135186887
"13309161838",1.69667728743168,1.74962141023216,3.41515350466186
"13309162761",0.546377498009528,0.335134383344602,0.578665928401149
"13309163563",0.31560798473918,0.445868402987856,0.596020710857616
"13309164266",0.118923530466128,0.460367498207438,0.323989678713771
"13309166222",0.690782328002654,0.375910747474753,0.500865157841329
"13309166599",1.03498205551793,1.58281673724157,3.54361849594195
"13309166770",0.753128091927285,0.497700907358452,0.820078051025392
"13309167578",0.569665469624536,0.044437811009512,0.199657341742841
"13309168386",1.96991048228878,1.35500234115396,1.32012935095964
"13309168941",0.508576538355365,0.111338788157478,0.458248369132953
"13309171485",0.393866369376982,2.18743686097929,1.66091676501987
"13309171882",2.00075496409555,3.57068448461129,1.70801467247017
"13309173632",0.183996479909607,0.128247249794016,0.379789209882722
"13309175806",3.14503422924451,2.34374699831781,1.97530389148148
"13309176326",0.224670209508782,0.389579531103262,0.444832875041568
"13309177036",0.40456579847947,0.378643621852203,0.143258710519456
"13309177038",11.113852927526,NA,NA
"13309177124",0.645786814472502,1.06651746278379,1.05731919789532
"13309177250",0.57954429887606,0.786402964648561,0.516708985024672
"13309179407",0.41274384547578,0.490453717996393,0.550911428621808
"13309179788",0.744071930934281,0.851277479154099,0.80584002883826
"13309180515",0.624551116035415,0.706592520561595,0.890617108343193
"13309180870",0.279709682954364,0.297066566571955,0.557188134889784
"13309181248",0.931656121114358,0.693523953310645,1.2215177944065
"13309181324",0.452148861081206,0.683608007674409,0.229301776276627
"13309181832",0.28906527543227,0.945898944747921,0.793129925629338
"13309183729",0.371883645899029,0.390884628185326,0.519578758524168
"13309185108",0.571067715685365,0.61423623447326,0.377178751694252
"13309185635",4.669557866828,2.56625564651959,1.71874538490293
"13309186436",1.13674403519508,1.79378261723598,1.65407935105244
"13309187818",1.09264164485035,0.310242043910451,0.770434811752791
"13309189976",1.42319433613019,1.13954393101461,0.989748735488452
"13309190017",2.71847115222144,4.00386245338306,3.58267361530705
"13309190237",0.359502441546757,0.587198855347078,0.619560400401694
"13309190322",2.01932275925332,1.88664702798666,1.51681466456116
"13309190817",1.68555429398391,0.811876003541008,1.19111669569647
"13309190959",3.08533276118316,0.936440896461614,0.815972764848803
"13309191376",0.231915886240778,0.408684917321732,0.656793181867041
"13309191384",5.69053119523549,NA,NA
"13309192004",0.833833732800309,1.11592584688127,1.27018376504218
"13309193748",0.844448030810425,0.822308380530517,1.72301934205724
"13309195947",0.332866316435373,0.135003554078162,0.103927282170294
"13309198215",0.223514483293747,0.770570070098121,0.696923841617454
"13309200552",0.578539021323512,0.398774876807926,0.176394713503146
"13309200913",5.11910899753898,4.82642461068181,4.73797894534695
"13309201656",0.80431669060061,0.240334803662323,1.11314223892874
"13309201675",0.316711523664074,0.411103273941442,0.354777560473723
"13309201974",0.3990200453997,0.535141994413379,0.657917030476954
"13309202641",1.12472485738953,0.798302783149092,1.30285381800402
"13309203217",0.906367250092047,0.49631758014154,0.263381027951595
"13309204607",3.00662745327233,2.6122715658484,3.08246808044716
"13309204674",2.16675929704756,2.88294945618989,3.39793831503184
"13309205630",0.386600925598004,0.142356527545032,0.246506992279924
"13309205979",0.320257281564474,0.223816702225102,0.252994403031845
"13309206692",0.375532818469953,0.253278231908673,0.392989303281037
"13309206796",2.38467957509407,0.951198442542665,1.2899386314226
"13309208906",0.362723163493678,0.532758106706274,0.604661495375115
"13309209810",0.145347657318405,0.170730173904443,0.247919977151933
"13309210109",0.149723606985182,0.481932045782339,0.248079177185152
"13309210322",0.828982819090223,0.476925792786601,1.52977639897368
"13309211951",0.591744543169162,0.73845721419909,0.724286818960636
"13309212544",0.55594072005354,0.363068408016414,0.41859088348037
"13309213098",0.510204772513072,0.258750263168172,0.355924567154401
"13309217538",0.640546469430619,0.679481108188976,0.745892880054668
"13309218780",1.46221414172287,2.18704650274264,3.07423360079424
"13309220016",5.11910899753898,0.979376924197099,0.898916219524939
"13309220822",0.116046877025619,0.315210174129245,0.253226286864616
"13309221092",0.911054371712469,1.7204036323499,1.31152231839716
"13309221138",1.74132704428275,1.42288876258821,2.85953110612811
"13309221550",0.321541319426616,0.301861993651174,0.119539899471523
"13309222162",0.339235085405826,0.191982398327607,0.412455763456268
"13309222413",0.75749340160424,0.413183174343877,0.50146595916468
"13309223206",0.116046877025619,0.21098094059196,0.254488739580094
"13309223341",1.74860998590676,2.11191303052316,2.06091415961292
"13309224325",1.73079222414316,3.16627765323083,1.85139126427826
"13309225154",0.935872047770226,0.807390017537043,1.15589870143911
"13309226306",0.199974016916541,0.308853288394337,0.326461218381588
"13309228361",2.2045512248684,2.16869731059287,2.08920743424254
"13309229271",0.261747311827665,0.544073064927215,0.550197393943248
"13309229335",0.580677886875751,0.589416765465922,0.807378109311527
"13309229962",1.66430564693024,1.37195205648327,1.02677578741953
"13309234210",0.558953367343673,0.719216804383269,0.388817532794086
"13309234644",0.822668003740557,0.887974431461959,0.639546574441295
"13309235915",0.404786196966166,0.688456643109835,0.789128690998018
"13309236120",0.684296990984171,0.88438132164073,0.758049720906219
"13309236136",0.292831393807622,0.49805007205527,0.710399634655355
"13309236426",2.29897386917137,1.68058474528516,1.54184604396805
"13309238218",0.231412491004485,0.339985514074426,0.475772784003959
"13309238807",1.88709462841763,0.827885830493784,0.631811002353432
"13309238976",0.72787145580204,0.881575074741417,0.884212353544437
"13309239559",0.889345886683647,0.540113645825132,0.720779155845164
"13309239902",0.469566438643872,0.823487474919956,0.671388543759367
"13309242135",0.448478924638136,0.592591321650112,0.761579807942785
"13309244097",0.386416239925253,0.310734527500612,1.37776008582105
"13309246217",1.02308988100278,1.15270952976528,0.8708728357857
"13309246332",0.133802903795028,0.539402295565691,0.647417463959431
"13309249274",0.470040538463956,0.245069757791208,0.272672414014125
"13309251197",2.21397302677133,1.18800229120083,1.50848776779217
"13309251429",1.1473454554739,1.35679643435832,1.01980412172559
"13309251462",0.200508241125899,0.384432416787796,0.369722107895481
"13309255363",0.552645335686018,0.535559727578862,0.606228976643703
"13309257210",1.93176663370624,2.16951517072359,2.57160925872648
"13309257491",0.165333550077355,0.724492904310199,0.749407691950879
"13309257864",0.454920565969686,0.44089621319627,0.495115624590534
"13309258338",0.399644869126922,0.361960809159465,0.313666439373867
"13309259139",0.135234086071613,0.768127441014392,0.551255545484707
"13309261806",0.379199615197222,0.324648117781395,0.621284875062824
"13309263965",0.272708438764861,1.19407255511015,1.28146215342236
"13309265436",2.08485593318341,3.45199331549311,5.10239465898258
"13309265878",3.25885361187179,2.70461482376716,2.20052440460913
"13309265908",1.09975192146509,0.109190884342,0.143856094458567
"13309266651",1.54910064049513,1.55418531503286,1.29212036724201
"13309266767",0.385465011696395,0.286855224907312,0.407029293779078
"13309268769",0.730433127590665,1.11305994979874,1.34939140353432
"13309269088",0.259790480125237,0.244598841735939,0.226531130518295
"13309271193",0.51947062993303,0.384510293381042,0.218159367566098
"13309274027",0.355885621910136,0.311957157554317,0.430888992848524
"13309274106",0.220871342506037,0.214654647797767,0.448534865900457
"13309274365",0.840831618531412,1.34222162744448,1.58976751720895
"13309275772",0.776834219833804,1.52850117536637,2.36538270672995
"13309276982",0.189140011508456,0.218006831346254,0.25862985709161
"13309277555",1.18563131581459,0.597765048961667,1.07140339208759
"13309278233",0.341750242146261,0.469548978638528,0.682256813508538
"13309278612",0.18093635522864,0.0754315126598,0.103965167492019
"13309278647",1.17045172048748,1.08686332797637,1.03248775978208
"13309279083",0.210101748691043,0.645566523852513,0.324375437359638
"13309279482",1.83579829571615,4.58595719045039,2.71861476287292
"13309281263",0.197314642713485,0.536326682415292,0.551070352903611
"13309281392",0.402904064072716,0.352129456348111,0.363375121854237
"13309281447",0.24315694258558,0.546759098164969,0.555952571762444
"13309281799",0.135071474636868,0.215013335684511,0.216647487919329
"13309282040",0.429562036428753,0.298251919895209,0.272031199719959
"13309283554",0.429893281827549,1.03138511118359,0.864713700286492
"13309283686",0.712256102886457,0.27544322584983,0.696840225340572
"13309283746",0.116046877025619,0.363008893027499,0.412978797472292
"13309284787",0.290555299371986,0.420292535005001,0.317330105265988
"13309286173",0.143811216020542,0.0352120154787611,0.0631484126268525
"13309286620",0.789459592736526,1.00223371345333,0.5367668656606
"13309288624",1.20067277886745,0.646200271763066,0.774274928082383
"13309289815",0.516243631929067,0.568122611460299,0.525422620625735
"13309290789",0.241165180002827,0.201567291707122,0.180812909380071
"13309292284",5.02016565265242,1.85682813310121,1.28982619645345
"13309292761",0.394176781335213,0.990719987448331,0.482023910829675
"13309292919",0.320028612345479,0.457923258095949,0.585474425601888
"13309293535",0.970215331337136,0.403641514457204,0.230309418218094
"13309295823",0.304392800180109,0.991514363163288,0.891918572575155
"13309297376",1.61637456555028,0.824233024297772,0.883211467741896
"13309297734",0.560701496448063,0.529388752052259,0.83748704059578
"13309297809",5.11910899753898,2.93340058158428,2.07144584932853
"13309298699",0.475028338326597,0.705354007587079,0.830157398766465
"13309300910",0.264146266787855,0.108368727408559,0.173033991021429
"13309301320",0.714913638857767,0.738001423850624,0.746583957763319
"13309301945",0.774997740237023,0.646451857640415,0.565352400136087
"13309302862",0.322833038324572,1.59214674238374,0.76314640852151
"13309303401",0.571461181843784,0.606687824747916,0.436597648338202
"13309303598",0.491215532401138,0.845515417048846,1.55486473364381
"13309303600",0.558883343525336,1.14378260886573,1.11527260593134
"13309303794",0.993292778555405,2.35865345345362,1.65508076144032
"13309304658",0.306764461824844,0.312997779459304,0.432931745551812
"13309304718",0.247874938464632,0.247750980442725,0.386984129276668
"13309305151",0.439759334832814,0.773589443149954,0.707336127530788
"13309306202",0.629577744243524,0.363249333849918,0.386652267071162
"13309307453",0.248571066462629,0.274746862972748,0.366828968563649
"13309307685",0.22745646760631,1.1967565361784,0.592486563118658
"13309308687",0.351928769568615,0.371881114131743,0.344979584766053
"13309310071",1.607733814149,2.54439707363529,0.815539787123639
"13309310322",0.290236009142988,0.433464375589441,0.777166398701549
"13309310938",0.792644680539381,0.987961348487424,0.674998451959114
"13309311008",1.43140112300859,1.12630121530261,0.754894298438594
"13309312035",0.301278474915072,0.164569786802036,0.275767024084546
"13309316229",0.736333757974972,0.849835385253127,1.06236834281743
"13309316906",0.488464140559948,0.372001679238271,0.248303209639843
"13309316984",0.414315136819002,0.324579455898313,0.368945949673678
"13309317617",1.66627997165107,1.63138330410708,2.62077329480002
"13309319169",0.116046877025619,0.191684861896947,0.261870764640282
"13309320337",0.287941310269285,0.180084832204684,0.176971794569548
"13309321232",2.1509573992973,3.65288457381337,4.10444793464096
"13309321415",0.605145593817475,0.644827287770554,0.533232941321756
"13309322061",0.216027701138528,0.169167723230147,0.35264690695829
"13309322929",0.243958199332914,0.260895353126219,0.30507925192114
"13309325701",0.466294119129882,0.395869150391527,0.243131206708197
"13309325819",0.681611328845951,1.59990977867153,1.77004414762373
"13309326321",0.232606369596386,0.120209983642169,0.417935143409598
"13309327705",0.345725985061895,0.608528125371857,0.437025744772095
"13309330444",0.53758656597883,0.392743486725193,0.273462396274263
"13309331097",3.40124694020404,1.67703088347553,1.71875297306796
"13309332012",0.652097825444673,0.574552268383661,0.662687328412713
"13309332207",0.374654807519104,1.74303004826708,0.834833361083233
"13309332911",0.177866866467106,1.06444039319352,0.544972261962303
"13309334011",0.141606275896837,0.415030036466195,0.468921472201187
"13309334081",0.774997740237023,0.565244477018768,0.554441841848275
"13309334437",0.393866369376982,0.958383825150205,1.46866348837502
"13309335780",2.09066725741653,1.67621195395347,1.58623611705473
"13309337657",0.449640520493922,0.950457694169865,1.09304266413069
"13309337890",0.591981778294597,1.47007337186292,2.75010168386494
"13309338417",0.418205781420877,0.961935078509752,0.730650455219448
"13309339824",1.84747716515979,2.42342494633666,2.61942089631141
"13309342633",0.695659833552641,0.665835216665918,0.711548778285894
"13309342714",0.209330516922113,0.514708784551407,0.527157796652484
"13309347356",0.315150153616624,0.47161847395351,0.277167392453824
"13309349659",0.695280909062176,0.562453446713805,0.67502859487962
"13309350820",0.192300523707757,0.226939179287569,0.226794228713372
"13309354905",0.335525309975238,0.735804636247529,0.603977559287925
"13309356120",0.349026092298158,0.558749066654934,0.380807430275784
"13309357121",0.375972135410457,0.170597457457283,0.253506798774284
"13309357430",0.28913533006359,0.103369082811183,0.185297396715888
"13309357720",1.38354713473331,0.905413461773956,1.36863136408208
"13309359113",1.85750137541515,6.2160514960872,1.86930205754887
"13309363982",0.687586091277483,0.887382916884767,0.63388337919636
"13309365110",5.11910899753898,4.58497645832326,3.55204997796417
"13309365278",0.589320682571584,0.788779314938502,0.815385398744568
"13309365363",0.590461661040485,0.672360794824734,0.781141780064311
"13309367275",0.300791631824844,0.414358209952334,0.290812682030081
"13309368822",0.433514026502529,0.397653168068261,0.566229378793551
"13309369369",0.571054640163138,1.14326383346348,0.561043001960022
"13309371350",0.41348680023716,0.199972139154934,0.358787696880847
"13309372437",0.362503067727085,0.557673863925834,0.952712770077829
"13309374145",0.679007509191819,0.650947645851198,0.578013638409053
"13309374792",0.509851210350328,0.542046271295976,0.506565123759798
"13309374876",0.116046877025619,0.314952898382652,0.337354134935634
"13309375217",0.620637960403817,0.806069905671326,0.730451179923477
"13309375312",0.330788196248671,0.420012305576992,0.394785995466254
"13309376174",0.507791083611654,0.315539798560781,0.281860580419928
"13309376226",0.309400474587656,0.331309152282932,0.478270083110243
"13309376533",0.588020876950595,0.499641163898272,0.54197194668245
"13309377907",0.283776912473599,0.069198968464064,0.187920952705429
"13309378213",1.60879648971918,1.41063918849975,1.71464280701786
"13309380215",0.902946751538491,0.723252965594015,0.529838456760918
"13309380889",3.41297772225557,1.33093962922361,3.85785701424294
"13309381263",2.58901178783692,1.36443745493285,1.35205693818185
"13309382917",0.500753437070415,0.382219421682712,0.82537203327537
"13309385654",0.889848817180854,1.04919989275616,0.965398195253658
"13309386628",2.19743206751966,1.03802233272248,1.19879658671964
"13309386900",0.906367250092047,0.552099200339212,0.281704040639371
"13309389659",1.97406706419291,1.59498175447383,2.12243075921919
"13309390687",0.318893939857677,0.392751593922661,0.61353016373956
"13309393503",1.06216639742905,2.92381819118837,1.09225006912913
"13309396413",2.5319539743288,2.62511729471545,2.3626374895527
"13309399219",0.692985063850202,1.22147765554501,0.754420618555075
"13309399570",0.39376575730367,0.593435846937595,0.553465997201551
"13309401325",0.41900298727648,1.41557020325662,0.757726043135988
"13309401763",0.751215318592138,0.678350521573374,0.780738552230165
"13309402878",1.45283769731201,1.37712996511979,1.04699534705038
"13309403793",0.39053426371057,1.19544362009188,0.654690866074199
"13309404342",1.07455384392775,0.42363300108359,0.710749481979925
"13309405904",0.615566349378461,0.37135166414537,0.687467514724893
"13309406390",0.662849313879296,1.36488576749054,0.951596985384405
"13309407876",0.38142860296991,0.464094468821371,0.659554860601576
"13309408059",0.147278330874695,0.275657355443286,0.385705739002943
"13309408081",0.462235922699215,0.765106652577588,0.813569192688306
"13309408252",0.531298245992615,0.521040039210054,0.436638661048587
"13309409112",4.32702650226045,2.45676427185152,2.29773762603129
"13309410831",0.444799121901264,0.567126701053981,0.292782688823872
"13309411264",0.356713915767512,0.187152744775174,0.235763628245497
"13309411866",2.71158331040703,2.29013737340503,2.13639321194619
"13309414324",1.69495010754791,1.45784274652511,1.35178450229447
"13309415991",1.11017475230432,0.818948774493108,0.347031467640518
"13309416466",0.789519598900123,0.464570675126196,0.441441609725787
"13309418180",0.549351688466424,1.78916230295453,1.13392463667268
"13309420676",2.91243552100472,1.98154714982422,1.36319092653617
"13309422070",0.771581948238243,0.542561561644762,1.66307746801522
"13309423044",0.550334452134857,1.11599059429424,0.815395469700626
"13309425448",0.651241701601033,0.448216121487537,0.570408472201521
"13309425998",1.02667072273172,1.10664300685013,2.20577956999903
"13309429860",0.14237036600162,0.319720080313196,1.31953462327817
"13309430367",11.6014179697453,NA,NA
"13309433053",1.11982662877875,0.579005411254286,0.912849890271458
"13309436363",0.431695991727836,0.349402743773122,0.298042953851299
"13309440560",0.909943705462104,0.172668376714816,0.3528503573371
"13309441809",0.917415597318946,1.76391365609208,1.4941139402054
"13309441857",0.572108521477199,0.51848790677432,0.50491606798282
"13309442018",1.71673958794058,3.87310893806069,4.02226632509282
"13309443494",1.576865727017,0.286382012404902,0.299656301941593
"13309444831",1.06776783421759,1.63871304617153,1.35818809534263
"13309445793",1.56631081176561,2.85048209705581,1.4780070892024
"13309446155",0.100258322118139,0.164674722721157,0.934962800319106
"13309446221",0.421100233119856,0.573450982031587,0.40674023024309
"13309449577",3.06616390510507,2.74177674618123,0.817053817166162
"13309452373",0.0917596622142646,0.559048970073098,0.817835378573263
"13309459160",0.502307298828308,0.390261361648476,0.546662408442518
"13309459995",3.98732739119304,2.99561632633342,3.50687155114235
"13309460268",0.236759671115998,0.303720154209933,0.428960691487444
"13309461223",0.0999617174514114,0.403465274741736,0.428586967184443
"13309461543",1.56631081176561,1.05962244169833,1.44036296956366
"13309465892",2.20743338142814,2.47717720953169,1.93875955224325
"13309465895",0.691493279709696,2.58900988442264,4.70908263079331
"13309476054",0.282534350564744,0.178466912220421,0.306405672290511
"13309477731",0.805704204532979,1.73856354241225,1.33397006597191
"13309481819",11.6014179697453,NA,NA
"13309484609",2.14605226225732,2.50452493193856,1.44233596955075
"13309484733",0.519422256871586,0.4010216610878,0.352032735247163
"13309484850",0.281349920246051,0.239695182589534,0.269509127895185
"13309487132",0.267691184041813,0.159640173558572,0.265050704036471
"13309491882",0.43259513438824,1.13429053461699,0.654437825008231
"13309495998",0.267787922450506,0.257531680880772,0.59234474117323
"13309499158",1.61387093540043,0.311039498897045,0.181677436127693
"13309507997",0.127575300997742,0.300753649090685,0.62759002071924
"13309508322",0.198651198015962,0.313698404889368,0.570048860353788
"13309510921",0.314324098950262,0.742272105969548,0.741445189416288
"13309515783",1.08256626414416,1.23653800477294,0.870731391263254
"13309515853",0.702816089926384,0.453714545731449,0.58471714436922
"13309519574",2.35658304533575,3.28335026620017,3.19656083030209
"13309521893",2.24534542606468,0.808085803627638,0.653557087246257
"13309522102",0.338128505750102,0.293517815982649,0.389366142522616
"13309530170",2.12768053912924,1.32982331090126,1.57040494341258
"13309531822",0.825320445118579,1.15042077340104,0.884249333946181
"13309538748",0.843413342782833,0.820637890160563,0.953158429618211
"13309539164",0.293387794122777,0.595506783695065,0.546914582326865
"13309542256",0.631510189570978,0.412260083380296,0.334835958753181
"13309542785",0.307519754765227,0.429870504360784,1.00730806031996
"13309546148",0.278700455557762,0.704612126655578,0.616837814581716
"13309547286",1.45678513798165,1.1299516613023,1.08398936359174
"13309550507",0.655068293193588,0.569137720015351,0.595911668108808
"13309550600",2.5400106660054,1.16572288605576,1.74091111001963
"13309552476",2.0672265737913,2.09426846924751,2.30843421047234
"13309553121",1.43462887221152,1.45487913338267,1.00197588008498
"13309555372",1.7835131103844,3.13624051899397,2.49596791621956
"13309560790",1.33252760914043,1.13729899925096,0.882986074599009
"13309563603",0.991533409213808,1.44442804349935,2.39347021661266
"13309566632",0.308591563979587,0.661715043214667,0.375715639754493
"13309570197",2.05932997864165,1.17990124153017,1.06132103520111
"13309572503",0.225382318415112,0.591051000270608,1.17621058987884
"13309574181",0.449734226050849,0.516169791012547,0.528259371333559
"13309574245",1.60325399937218,1.25932495430576,0.73307460191915
"13309575962",0.85894348667656,1.74111733083389,1.5340258705575
"13309578860",0.610174673321779,0.850259701058444,0.304799735572558
"13309580448",0.274634783302711,1.16576615432031,0.830798775012756
"13309580477",0.396764724325941,1.00156787350868,0.986346587087275
"13309584450",0.112006145130589,0.250239317168842,0.257690312699846
"13309585579",0.299161005783276,0.521549377050936,0.470519848368201
"13309592385",4.46459223642519,6.15444830091739,3.25651892753817
"13309604685",0.203872449923425,0.358283611074181,0.469840655217566
"13309613806",0.111200008343577,0.839212848688202,0.442490205616272
"13309630335",0.841993015514223,1.37949707824933,1.00052319055877
"13309635470",0.202666347615633,0.330346553797417,0.615276639336215
"13309636438",0.305413108456824,0.291135383500954,0.291506433415576
"13309640048",0.95016109066339,0.460104937081211,0.349560626185444
"13309661664",8.00093895371618,NA,NA
"13309666145",0.384331808455698,0.641762631503642,0.929625330332861
"13309668266",0.178567376935291,0.158409543856848,0.400889400358559
"13309671494",0.273226983801762,1.12620036933358,1.17812118938484
"13309684869",0.71637535916682,0.770321196886867,0.667699455273918
"13309686483",1.06436483480706,0.715193342900277,0.988270697445211
"13309687120",0.210845013132112,0.788674652266727,1.09035257203761
"13309690540",0.285204590924376,0.425672479509775,0.566843859929645
"13309694160",0.154345853762975,0.158170893813177,0.25255812281102
"13309698895",0.445054978865469,1.90262707326576,1.40094374204032
"13309706621",0.499236088046956,1.35839609420408,0.891724456384999
"13309710887",0.159655644794782,0.786399670028311,0.47329482328542
"13309729538",2.65060122676747,2.03994395957964,1.7646507581096
"13309739300",0.852432067304611,2.00315005501188,1.44189599762682
"13309739805",0.609926778683806,1.57568195032591,3.02612994337067
"13309751595",0.269148394982247,0.197427386021614,0.415546222299197
"13309754621",0.457784063629786,0.857052190606798,0.810084644132274
"13309756174",0.78768987750141,0.883624325167833,0.631363521136304
"13309761830",1.30277417536984,1.06270214216463,0.637174552940169
"13309768802",2.05997820705752,1.28549677609309,0.906307825341915
"13309770544",0.674992918637722,1.70759466185323,1.17129153449117
"13309775130",1.08668179360129,0.778844531891775,1.24649041225841
"13309778079",0.143171346325936,0.366706783938924,0.357203337096336
"13309780435",0.0611653929338392,0.0785383127325155,0.202167524657749
"13309787631",0.297992922340312,0.491163177326733,0.283453744127073
"13309787900",0.0611653929338392,0.0578999523810159,0.257230616687285
"13309796718",0.275146101932065,0.752674367289735,1.03475797634128
"13309797604",0.857857935780492,1.23138281564585,0.886238468166595
"13309799200",0.839887342912543,0.229366944930881,0.774265597574328
"13309802283",4.31982036387892,NA,NA
"13309804993",0.527526767330057,0.636717012566599,0.801289811022149
"13309808761",3.24785245801992,5.8632989921306,5.57625435461993
"13309809766",0.104454175448526,0.14689522703119,0.412881675872986
"13309814951",0.0972413545496013,0.171276005040127,0.272311496510469
"13309817059",1.20321167753062,3.30585582285107,1.75277258209592
"13309827815",0.55387913929894,0.335753314883476,0.384303367052007
"13309833917",1.085528921301,0.405407583883628,1.10097663377168
"13309843934",1.13159128156492,0.788054555897901,1.40113948993931
"13309845798",0.492781817263562,1.0329650532634,0.449860414088729
"13309847233",0.816155234379813,0.289092180815802,0.819802802646524
"13309851362",0.0817825534892919,0.366584051747736,0.486255858326493
"13309852123",0.464521498011146,0.370916367251527,0.400974727697067
"13309852444",0.773968056110004,1.12298073460906,0.821868540339279
"13309854065",0.792104826238471,0.495206641508749,0.429113095648036
"13309854873",0.158391359389661,0.502355483785107,0.846152738620448
"13309858006",4.46459223642519,3.22289406070654,4.24595972390201
"13309864548",0.795458330970844,0.639954881968395,0.837054939259598
"13309867797",0.308044151539132,0.433460056181886,0.425425513121261
"13309868944",0.558818107550934,0.233811191465356,0.502776178065323
"13309871175",1.07049262616326,1.03682692655892,0.853371371976095
"13309874821",0.559939262552513,1.05111569282248,0.882714092841305
"13309875903",1.42363066935424,1.22391859813159,0.887030725630295
"13309878891",3.12130131364956,2.54603564875768,1.08340325358966
"13309879575",0.592677816244076,0.52509299432216,0.81305156470135
"13309880245",0.178567376935291,0.159281914636945,0.368287531820653
"13309880883",0.0900451657408736,0.995204494255278,0.63752056677179
"13309881350",2.5965194788382,1.59885395979622,2.10559322075582
"13309883612",0.604592935748618,0.680760505825925,0.800812887076132
"13309883663",0.175904377157774,0.0962308210557375,0.30653864935914
"13309886072",0.857857935780492,0.675680521158298,0.525921845730099
"13309886967",0.178670048908458,0.251011244521239,0.590242168763336
"13309887656",4.46459223642519,2.86592572712571,3.10995653285017
"13309889155",0.490201048719837,0.691298588159834,0.758976857975292
"13309889616",0.632421257859971,0.586059875150233,0.94830221714771
"13309890186",1.8894510224888,4.78077279981017,3.42418308500574
"13309891556",4.46459223642519,1.68854015816394,1.31459862975733
"13309895782",0.930536269369652,0.810305459784336,0.594708156238614
"13309899949",0.987860007502011,1.5508296179738,1.27753095073818
"13309901168",0.300088662852322,0.677734134844111,0.348287871868537
"13309903121",0.76740422661115,0.963976046174031,0.615054768630675
"13309905909",0.204772537151202,0.803251724893189,0.970594409088275
"13309908607",2.08246803042244,0.822145820091386,0.795001277902736
"13309913958",0.288298229546463,0.800437452091928,0.648851449135371
"13309915500",3.63447024108326,1.33932319417343,1.31574707636292
"13309916085",0.55387913929894,1.1071585725201,1.04482334359697
"13309916886",0.240844277217606,0.219584758350292,0.473580768664052
"13309918912",0.910422686569466,1.11347338455388,0.833474385414005
"13309920706",1.00324652975861,1.36916480297714,0.490829814074311
"13309920864",1.08338403107958,1.65935281248619,1.46928352050727
"13309922731",1.89385864118546,1.33176303181803,1.4259932992746
"13309923949",1.58510402090695,2.40211903399473,2.18143309885144
"13309924435",1.04345877026736,0.591230703211582,0.771815775381485
"13309924677",0.212602135489336,0.373410662643543,0.384185919013836
"13309927286",0.944735051953858,0.929972697628856,0.702535606460665
"13309928308",0.351770577954108,0.332333857538578,0.40164431721938
"13309928500",2.19130909524033,0.639504617929891,0.565809128041808
"13309936036",1.59976757125655,1.09185848840084,1.10831354820721
"13309939257",4.37400672417658,6.48358080300636,7.51050267015045
"13309941133",0.878350055341638,1.40970808695574,1.48384575753818
"13309941950",1.17488662463411,0.785886337721872,1.23515268463813
"13309944029",1.02932962807255,0.31782050008267,0.284387507679532
"13309945814",0.689761365735181,0.503501127434252,0.464443903135431
"13309947992",0.299161005783276,0.543326333238508,0.55583096406403
"13309951460",1.96121517286474,1.51148164264915,0.864604267597393
"13309953203",0.512535693026046,0.344468174186396,0.299164158307827
"13309953756",0.21152173882406,0.0747852959636865,0.10380635481053
"13309953776",1.3534093819241,0.428290472416794,0.28380038413646
"13309955823",0.277133383913816,0.534921290915429,0.783794326376135
"13309956717",0.767191740588858,0.793618144676663,0.542362617435551
"13309956933",0.342761761216159,0.4160243168213,0.509461101263308
"13309960755",0.516564168538107,0.601085476877564,0.936890488902338
"13309960971",0.725082581304454,0.38980008344077,0.528013302648255
"13309962345",0.66685503393419,0.630082112096502,0.682710385460418
"13309962876",4.01363556397594,2.93517596057394,4.39608353405514
"13309963518",1.9362825180124,4.78077279981017,3.83545394954246
"13309963781",0.398918001191285,0.65325758575731,0.443985656535784
"13309965636",0.844493580101607,1.46990692549263,0.818834285231727
"13309966388",0.906634764989556,1.22638505774645,0.605567056959048
"13309967701",0.0915198539791886,0.0761242442588717,0.121644163817956
"13309968210",3.09907882658071,2.01942744037935,2.33735800774009
"13309969299",1.24829702916304,0.281833723760969,0.41583176076379
"13309970995",1.3527831681275,2.72901012465226,2.72855021777289
"13309973168",0.42564463133357,0.932059617708941,0.513678621032561
"13309974278",0.322064288802311,0.446920499172814,0.450355055205394
"13309975370",0.515888809001289,0.48355075934725,0.678651878949339
"13309975784",2.66969320049496,1.63582934930574,2.41160892587961
"13309976842",0.616619371000679,0.488290421971108,0.491917683803519
"13309977175",0.59685496852149,0.505250969100105,0.944351376390987
"13309978308",0.210586146092041,0.293465326780198,0.378940965787184
"13309978351",0.657221505201811,0.443246303637477,0.568444153938013
"13309979424",1.74535491927483,2.64115668402283,1.95616746422678
"13309981610",0.178567376935291,0.0913848217700277,0.0743980425499195
"13309983469",1.2823257229843,0.636055241954784,0.491325888753025
"13309984313",0.291696906831422,0.843946617649947,0.979426296537942
"13309984628",3.17470149857765,1.24299924026,1.81343807302158
"13309989131",0.43175126315737,1.18770182488183,1.48607746635657
"13309990297",2.32829657115835,2.33139635195288,3.70411847007523
"13309991133",0.0611653929338392,0.0218725614234067,0.0318342855381935
"13309992058",0.180987278414134,0.452579668660055,0.405397423147857
"13309992675",0.694138729495146,0.53721044271356,0.665756038849454
"13309994682",1.03349827406866,2.44566099631063,2.59556264598443
"13309995310",2.27168014905208,NA,NA
"13309998526",0.163877529728956,0.134305819858898,0.275025781649291
"13309999415",0.491405322941752,0.283206521772,0.466372390877622
"13309999640",0.64242951219682,0.308552850002547,0.412099037217716
"13310000700",0.443354935363928,1.30997720627677,0.984628111593359
"13310001736",1.70181336201274,0.937156996544134,1.25358726102576
"13310003707",0.0611653929338392,0.205439073133521,0.2314082900243
"13310004585",0.278700455557762,0.984678831780219,0.819454133323871
"13310006563",1.37751592293071,0.411524298048423,0.769278380366288
"13310007362",0.118770762443082,0.256590058517595,0.388094940326639
"13310007506",0.367439921526156,0.625808548130225,0.843849682362945
"13310007523",0.593302365893507,0.442759633397083,0.414604963543293
"13310007914",0.572485074563753,0.632166899050726,0.404572015100741
"13310008629",0.921238218517313,1.13006467650224,0.660294123097728
"13310010722",0.110042804554835,0.495655266559334,0.363995267489296
"13310010846",1.00162119199025,0.4792367201205,0.455141912243509
"13310011146",0.708630448283889,1.05766997962183,0.469131226799437
"13310012815",0.178670048908458,0.351498012986111,0.609173176559762
"13310012986",0.426161381398184,0.202408555047924,0.272375499187954
"13310014416",0.569434430739283,0.420065597811406,0.739834862545466
"13310016045",0.414619179066902,0.271121489761811,0.50820316779907
"13310016832",0.76287816269778,0.625833528688652,0.367544821291313
"13310018258",1.65267032510035,1.09500476486173,1.42482057828327
"13310022302",2.79571151130467,3.8409370972774,1.75531730089462
"13310023175",0.467555137243694,0.907172707660188,0.701351856746489
"13310026728",0.214298489535612,0.442424817336797,0.412626545509516
"13310026873",0.64926147241589,1.26507865560301,0.836743936969386
"13310027845",2.46196752650172,1.5746233114557,1.13008675939556
"13310028335",2.71670663154131,1.15722958614904,3.39488830737416
"13310030899",1.58663541748714,0.881972817174385,0.772534739230145
"13310032636",0.0611653929338392,1.00935421067796,0.43379907897766
"13310033404",1.05648656499358,0.92821475847199,0.979103928028373
"13310034044",0.266532859988719,0.618376898350759,0.389895698215492
"13310034254",1.20634243923906,0.90977600694826,1.02043913480294
"13310034398",2.46893542174848,0.429559899581679,0.930699036337695
"13310035724",0.652631446651441,0.552386990581143,0.200781779214077
"13310036195",0.210384161797846,0.340728132626431,0.19310170995291
"13310037285",0.308763202763934,0.736908884697585,0.411654045037687
"13310037623",0.772595825668343,0.531516869540788,0.188823546166276
"13310039439",0.47577417977668,0.57947959419145,0.691269851334207
"13310040621",0.762335298254882,0.387605857359817,0.432445268237212
"13310044505",0.343095240320886,1.03998961017519,1.02843338380408
"13310044514",0.212928743234552,1.56583683928337,1.47313388359392
"13310045244",1.04651160095371,2.32687562881687,1.44342176318961
"13310049580",0.843157555990542,1.05479992565202,1.28450578951496
"13310050037",0.792146940458362,0.376710835967988,0.83089929262916
"13310050311",0.313134320282396,1.90725182703299,1.74525100079419
"13310051018",0.904365054237816,0.101664181881146,0.43532753694098
"13310052929",0.178567376935291,0.381000104431327,0.238038928265644
"13310054863",0.14508107766723,1.01532122853328,1.30818778073684
"13310055324",0.950464957006055,1.0547784100834,0.803885364323256
"13310055453",0.651027535644867,0.340523763542054,0.421996867926404
"13310056924",0.512008807176562,0.67733035854774,0.54482639888785
"13310057358",0.0972413545496013,0.21098094059196,0.247697528901557
"13310057385",0.532123438794932,0.144190436603493,0.333768293542539
"13310057445",0.267186896493831,0.374426365272168,0.393809380760317
"13310057622",1.40884197705148,0.363916278834628,0.656155143397426
"13310057900",0.581412001243538,0.284750717600844,0.209702022366699
"13310058192",0.418229136509912,0.63466286268242,0.342594476181077
"13310060989",1.53863826156603,0.814920267410509,0.500293063701859
"13310061177",0.838832160071922,1.1567838208958,1.46341456890764
"13310064381",0.481697861869655,0.209732062773432,0.271291394775217
"13310065242",0.519448778390594,0.157518498279228,0.473609337671646
"13310066366",0.281092142136899,1.2666007011102,1.91383066347206
"13310066886",0.885085584860282,0.714173233241206,0.461909516881489
"13310068009",0.702504547096293,2.93528366310688,1.45888932683785
"13310068290",3.40256295122004,2.21055566542165,1.68047120850917
"13310068880",0.252947200402849,0.512604665944946,0.22130474417842
"13310069331",0.585340127352143,0.566423563941004,0.894962952203523
"13310070666",0.694375385513588,0.846610559196535,0.534834138111843
"13310072564",1.21903718561754,0.784876297238218,0.735072802579054
"13310073518",2.32511572220629,2.93068731065628,2.63160390514758
"13310075335",0.574276140649868,0.328339536642239,0.43444836211573
"13310078744",0.189374873670968,0.290282644577586,0.263641129842136
"13310079308",0.884353675861304,0.601376909866785,0.751284392648842
"13310080613",0.648186828251185,0.22712089723445,0.342873745369126
"13310082446",0.131856161332967,0.262663630127073,0.194582927537861
"13310083804",0.414525210889109,0.214839935541651,0.238820392890247
"13310086409",1.43698752586758,1.88011311021856,1.31149522134694
"13310087869",1.94836272077218,1.11556423152222,1.40480708380702
"13310089561",0.235813937849265,0.323434421792623,0.24472103040769
"13310092021",0.259604562841465,0.769568598241832,0.579039640290609
"13310092200",0.24140752855974,0.554964578191014,0.334723013118769
"13310092201",0.894736406534206,1.44481109311949,1.40619095409417
"13310092491",3.54484733944188,2.20710009124428,1.24667199819457
"13310093084",0.898868018817707,0.222726110687759,0.682379586292873
"13310094010",4.39140811337359,1.83020594554569,1.47387608262491
"13310094136",0.265843776958009,0.926280761493322,1.21853415550663
"13310094372",0.459107549815164,0.720323331530597,0.962121655925704
"13310098620",1.07266528215936,1.94739742281551,1.30771742449134
"13310099972",0.192151550512167,0.228945852263598,0.269513011429451
"13310101745",1.91007689701319,0.542623533173115,0.952051942948556
"13310102607",1.7213566320104,1.506247717256,1.52194477884212
"13310103786",2.13862099672301,NA,NA
"13310104077",0.640009176079797,0.758440471995643,1.34114790586884
"13310104632",1.3616120622435,2.55560380889099,2.11946263130307
"13310105359",0.221171056332165,0.224515822749527,0.26680347243557
"13310105416",1.69932901633565,1.79314257835808,1.84271999314091
"13310108593",0.728087204315803,0.214649738051601,0.480347704709884
"13310108702",0.141195995120851,0.426655751119536,0.319005091535548
"13310109652",1.48453106210141,1.15476980144399,0.807284018538852
"13310110661",0.469846111852297,0.495707647178551,0.745297073686955
"13310112819",0.460289095945603,0.780441762569885,0.502263473275394
"13310113649",0.242409147232169,0.281201042761094,0.481886321900779
"13310116420",0.124211655226669,0.185584463688645,0.284098806447157
"13310118203",0.898749385395324,0.701562355707996,1.01268491141098
"13310119211",0.335968698922596,4.52334558774541,2.02907070074177
"13310119270",0.0611653929338392,0.0945270494638905,0.300919815922072
"13310121454",0.132495687959,0.1048533187736,0.225874231325381
"13310122126",0.596373495888044,0.502194363855754,0.735002879579064
"13310125868",0.835527698569788,0.397088115501492,0.421937716317472
"13310127857",1.2071520858482,1.0565224629402,0.690968732125542
"13310127907",0.297201761738022,0.668904806750873,0.4318782773349
"13310128242",0.422012652263623,0.191684861896947,0.431246939520817
"13310129923",1.23022654801425,0.433154757652113,0.847852323325315
"13310130123",0.141195995120851,0.614792576730559,0.370088418333583
"13310132456",1.50614480639766,0.935974782416009,0.913115158567644
"13310133767",0.650964632835996,1.58277378473382,1.10975695437679
"13310133833",1.86910937393628,1.96753724227913,4.27615789088119
"13310133877",0.677361343552007,0.455425482249269,0.277844598763048
"13310135131",0.107620091119489,0.559655966538659,0.428522085613961
"13310136222",0.878350055341638,1.239292803269,1.38982106291321
"13310138030",0.476941732392914,0.275083338035454,0.306374864541037
"13310138589",0.6143713649304,0.213350397502127,0.439941575246568
"13310139267",0.725043327953747,2.04370205163259,1.25541986807089
"13310139452",0.219244150154245,0.344472012767158,0.490528463763715
"13310139712",1.30767189844417,1.92014934374656,0.89692007281645
"13310139856",0.686227630878315,0.878956636546445,1.18819236543277
"13310139952",0.952413395534198,2.22657039726097,1.2484773788065
"13310140493",4.30567203075443,3.16325513888259,2.79409916304385
"13310141169",2.06234413456215,NA,NA
"13310141773",4.46459223642519,6.03675547761372,1.82785161928238
"13310142077",0.464773995932981,0.705830572299551,0.555007717330466
"13310146479",0.195049798214733,0.206183816713318,0.110138167481422
"13310148559",0.585340127352143,0.424353877168751,0.708626992566791
"13310149439",1.29664791532215,0.956457987954438,0.624408037529633
"13310151066",2.2863053447011,1.45387949501368,1.80779243219524
"13310153651",0.558190892366691,0.874242736291023,1.16238387424788
"13310154346",0.65807573651597,0.284596334297934,0.395599569892226
"13310156460",0.700711604622162,0.366639031905936,0.472004037885584
"13310156529",0.329850694847184,0.586494225867846,0.776382622507769
"13310158067",1.95707168096641,2.43850564384647,1.86523492344307
"13310158451",0.724758040353281,1.68053870448487,1.39979431932544
"13310158992",1.31266344431439,1.72418137860877,1.13558593504234
"13310160472",1.28716551370807,0.543770635516711,1.18864019068138
"13310161023",1.34754750243675,0.462672768039517,0.582052078870612
"13310161398",0.411670664661649,0.240340324630298,0.452640497616017
"13310163660",0.889369771257991,0.872869451246139,0.807812720508818
"13310167873",2.41513500140141,3.61056172344275,1.40997880159767
"13310167932",12.022135345316,NA,NA
"13310168994",0.298851781139222,0.544816170943644,0.617597846593671
"13310171305",0.418229136509912,0.63466286268242,0.342594476181077
"13310173586",0.820519288465275,1.43215046600305,1.70927562182548
"13310174505",1.29782064795745,1.24884072429154,0.796180269202932
"13310175101",0.635738577028636,0.206993974795161,0.424416363459322
"13310175230",0.704430412432228,0.788332745844144,0.61965081219602
"13310175959",1.55408156585433,1.40033200061263,1.00711680203239
"13310177266",2.19130909524033,0.612592261169707,0.510300909115207
"13310177339",0.471715077641639,0.567598377328405,0.850595246812125
"13310178145",2.00803035028804,2.1963128328494,1.53274418026519
"13310179829",0.793421467065747,0.83875501905703,0.508922619138783
"13310181279",0.381447198290916,0.536522887281543,0.375362137899266
"13310185560",0.438444182741063,0.688641525067907,0.632730883465193
"13310186268",0.501194284232797,0.791944208578024,0.829473759810343
"13310187850",3.18509281340754,3.23142650787885,2.42609937048777
"13310188198",4.39140811337359,5.69490412110946,4.81947338019379
"13310188431",0.356333250814218,0.306146201655285,0.31415138264153
"13310188994",1.25390958817649,1.00460503833372,0.957802584109351
"13310191802",2.5747152448484,1.49413482043933,1.44454455723621
"13310192775",0.567593481041129,0.574324491523074,0.376486506789549
"13310193501",0.22614099687982,0.498319943396667,0.450826104339075
"13310195791",0.73167527980776,0.527476241417107,0.517828438139221
"13310195932",0.387678468396308,0.562964337096852,0.962832018087608
"13310197278",1.10303103707582,0.895326913264098,2.80739791403342
"13310197493",0.370268184585561,0.210921947448626,0.207359844770779
"13310197534",0.358557983529754,0.597970775825358,0.666025609929913
"13310199305",0.644365017321659,2.92364989444894,3.02460659371211
"13310199392",1.32810207329193,0.876489830827833,1.25351762385737
"13310199872",0.614689348232645,0.504571960402532,0.312389274100002
"13310200617",0.713740984743364,1.16996656897802,0.842153462949217
"13310201287",0.711659225861899,0.329609217639916,0.400816035299429
"13310202516",0.510723866008724,0.291097638850992,0.749997943930613
"13310203228",0.292155237689069,0.460530006625724,0.460433979635143
"13310204541",0.374600778708525,0.302182071495129,0.239147868102092
"13310205300",0.119949552979089,0.360932689925725,0.471352485406415
"13310205861",0.248430745624546,0.523767994690095,0.453854522761051
"13310205992",0.985731222739095,0.593630534782942,0.210511785936301
"13310207223",0.332304957179699,0.462505212558611,0.525330983251721
"13310207466",0.442449748821683,0.64566786282353,0.903043807148585
"13310210262",1.05648656499358,0.773148672135802,0.809390671956175
"13310210549",0.886101088619001,1.6153912093396,1.1809935554149
"13310212545",1.5920736938314,2.96549926578263,1.35935607769694
"13310213593",0.415536772593099,0.244935483098305,0.286835155218874
"13310214287",0.261396800988402,0.338081947680764,0.299811569191207
"13310214295",0.528792070116963,0.519112825559624,0.737390318943561
"13310217115",4.46459223642519,2.51382206634351,2.96293576845943
"13310217381",1.0812299042403,0.666316908216247,0.720655815809078
"13310217769",1.69979101395663,1.01346892004791,1.00104637180503
"13310218465",2.13301965149967,3.76084624974025,2.95594274422999
"13310218521",4.46459223642519,1.67960065406736,1.5190102462577
"13310218806",0.948017971542645,3.65115506934177,2.79696234370577
"13310219427",0.279910471324265,0.760493878353381,0.612220797276297
"13310219768",1.0895060035358,0.250257010780655,0.242746188723755
"13310223366",0.297732887421717,0.585903540057005,0.490380844416502
"13310223735",0.268038353304789,0.616815410681664,0.611413998398107
"13310224472",0.749301933867749,1.31762056988665,0.998275954665848
"13310224642",0.617645726083214,1.37509507338549,1.30303303797767
"13310224931",0.181918907750332,1.07443981538297,0.52335513831285
"13310224967",1.26278750966837,0.203645669916381,0.882103417379079
"13310227271",2.28866723289386,1.95261317084124,1.90279501090096
"13310228907",0.728406845514266,1.31441262533516,1.58209636201702
"13310230493",0.482699565472192,0.828186751005895,1.08547438605974
"13310231244",0.178211681593103,0.548395593315053,0.381608104778206
"13310231354",0.519247200535741,0.167438694143024,0.427265375246055
"13310231639",0.213505305672352,0.307952255960259,0.314835957556743
"13310232698",1.15945718255289,0.977866675551354,0.924723757489544
"13310234054",0.25196532098254,0.256112273025833,0.198839911624474
"13310234645",0.0870005940824695,0.47741151751767,0.674265141253767
"13310234893",1.25374986939093,1.0750119188871,0.971365768363679
"13310236405",3.05184827477182,0.82164065153152,0.843541264425802
"13310236891",0.933869759538515,1.14287696369742,2.52293860908389
"13310237181",2.23787358425679,0.478468469798614,0.519970211630175
"13310237817",0.431640635265692,1.33373963890579,1.40990545617208
"13310238426",0.667316856611247,0.408909760367155,0.331302496397594
"13310240327",0.689761365735181,0.503501127434252,0.464443903135431
"13310241800",0.835134871879475,0.311408277827206,0.620794871752627
"13310242949",0.158481518990693,0.190980161097486,0.212582762957425
"13310243694",0.414108584676437,0.295848368378708,0.579778406113628
"13310243974",2.53865265983138,0.471921544002803,0.820409388326883
"13310244300",0.328064587955846,2.22569099530001,1.46129996105659
"13310246927",0.140436833958594,0.152225689522579,0.226983284951129
"13310247318",0.527158499454014,0.472113311265426,0.380317596484096
"13310247840",1.56631081176561,3.77481603519083,5.7134085222723
"13310248868",0.512008807176562,0.422010553383353,0.402213342621682
"13310249374",1.58326681747419,3.49844578403339,3.15152213842515
"13310250456",1.0812299042403,1.37460840135742,1.29355075592246
"13310255619",1.03815778736091,1.06321979237773,4.82869835334393
"13310258673",0.685722592947042,1.01250415400864,0.796860819764871
"13310259784",1.49980258441105,1.41022879195484,1.48430323441969
"13310262662",0.121215018162648,0.184129431202207,0.589074767991264
"13310262822",2.3458799329868,2.60766188832673,2.45649838156159
"13310262890",1.74671051810602,1.50579087964878,1.41274059599345
"13310263134",0.657295542594908,1.09998168042152,0.440070462374582
"13310263286",0.304568895063992,0.262318995108367,0.327221175865094
"13310263713",0.245694898396683,0.414996726779041,0.266631508213218
"13310263898",0.856176500784902,0.759501037443431,0.840691093299715
"13310265757",1.81080754523313,0.473160792346799,0.873052515752065
"13310267750",1.82320597132126,2.49748866569535,1.30339627173822
"13310267803",0.303867462584198,0.34637531194151,0.387017004349252
"13310268784",1.61217473703017,3.32539425503656,1.59842521362036
"13310269708",0.68678333661387,1.26615037179286,0.392082553218123
"13310271039",2.04955344939117,2.99506947086143,2.40624336904681
"13310271316",0.165703098642555,0.517541676140525,0.431175043462522
"13310271577",1.6331806390201,1.52423847475997,1.97559924669268
"13310274259",0.368555811399998,0.410582949829472,0.377873835477581
"13310274293",0.847999175766755,1.5227893586574,1.43567277023005
"13310275508",0.202666347615633,0.330346553797417,0.615276639336215
"13310275777",0.757004979528415,1.54866450954069,1.14934590589141
"13310277108",0.758238105811409,0.481400275481833,0.60236449337216
"13310278318",0.198467188278695,0.779862241237113,0.825823508029625
"13310280698",0.883018395228115,0.676258889939601,0.692234884579071
"13310281068",0.702224148473522,0.234300998282996,0.202584898907405
"13310281443",0.319499067767403,0.272195609821873,0.618846749914475
"13310282176",0.862663685871077,2.02792677871939,3.36624385326642
"13310282610",0.373568928923017,0.549449035993356,4.40340851765657
"13310283213",0.488558171856332,1.06792759336481,0.634562241247129
"13310283847",0.435852050756891,0.879524021016728,0.35251012341589
"13310286063",1.435719703866,0.825044239386773,0.838992228776874
"13310286324",0.125260231278146,0.448391504883933,0.505682723924518
"13310287020",0.304182858843868,0.651931152269985,0.842946212999233
"13310287328",0.226401776431122,0.181914554627953,0.282425812586305
"13310287929",0.657185983904496,0.348381154528439,0.389684726364218
"13310289519",0.354529730903875,0.440756413260926,0.381715463611522
"13310290469",1.34170505117733,1.87260023290828,1.55684088634013
"13310291524",0.596600732898569,1.18285925109884,0.708530442740923
"13310291939",1.65724499330508,1.29445849619569,0.972793645143332
"13310292137",1.40548562236853,0.907910427283308,0.765892408608714
"13310293736",0.912408557861209,0.390599377085155,1.39871161860966
"13310295160",0.370268184585561,0.761254341485054,0.472540068196388
"13310296784",0.227666737671257,0.103738727918939,0.107224240452223
"13310297599",0.585206846312994,0.539087968292192,0.491636177364854
"13310297714",0.437636700879569,0.630468897944253,0.662203334790422
"13310298370",1.07039493599822,1.09377540174701,1.12076497089031
"13310299291",4.00882030135184,1.40225340703836,2.69908480779518
"13310299706",0.0929433940089874,0.730425774006574,0.333769985961009
"13310301242",1.29437887168525,0.920073882399499,1.01397284365631
"13310302752",0.407177946208273,0.362969064992209,0.183419795988704
"13310305682",1.46257524041506,1.32245415677248,1.77416829784253
"13310306829",0.604717848961341,0.455600094499748,0.728690283807669
"13310308154",0.639433575958902,0.0986577932213612,0.258508567829344
"13310308834",2.43486511122551,1.77712560842643,2.45497472954573
"13310309135",0.183898220099172,0.210293648799495,0.412745900125203
"13310310192",1.61744542170499,0.233416899387703,0.247939212044414
"13310311401",1.40884197705148,0.975212630135814,1.31189640122008
"13310311550",0.209079839683851,0.288663373707366,0.252293066954648
"13310312958",2.21387942935204,2.63138845907836,2.70190064302101
"13310314038",1.57398149320919,0.256649565926021,1.12213790481836
"13310316825",0.271324547527971,0.24576753903873,0.400563167116213
"13310317416",0.616415683841274,0.725114366970806,1.40385691067307
"13310317802",0.432239095677107,0.706918451595563,0.2763976922641
"13310320893",0.922526302780151,0.73166311411024,0.645135265423643
"13310323454",0.516627960882666,1.08057559566943,1.36658064961852
"13310323612",0.300088662852322,0.395869150391527,0.251326305565632
"13310324139",0.768083762706724,0.509014886350171,0.779540320150405
"13310325355",1.08000377399219,0.851964262397246,1.18541233349435
"13310327180",0.547160052226321,1.43400054413325,1.42310144698042
"13310329295",1.69557761394733,2.29221125041387,1.0946699029132
"13310329813",1.77352048469699,2.23464038211985,1.78132442676423
"13310330028",0.197927176927754,0.676140700734483,0.934010944227917
"13310330322",0.192471105671433,0.260386568829367,0.325035262897997
"13310330437",0.445591597154485,0.095401160658171,0.251241549797313
"13310333563",0.704620366087806,0.900372884906797,0.949888554056835
"13310333895",0.415584588964074,0.516967317965236,0.487784583874284
"13310334698",0.603417618196585,0.63660483641162,0.915114787447801
"13310335767",0.279910471324265,0.558814389496745,0.521081834563923
"13310335899",0.372978539024812,1.00177452732896,0.767524790995917
"13310335990",0.121623796182114,0.482173018296861,0.495606450517424
"13310336159",0.748426650631986,1.742068532687,2.01824777888806
"13310336999",3.12642935600797,1.66970654794453,3.3374460730086
"13310338381",7.70896908185046,NA,NA
"13310338834",0.512651440193462,0.831046218262022,0.725802826823624
"13310341468",0.907509854161977,0.569531495690159,0.577784077045616
"13310343416",3.52039039448853,2.65134226136863,3.62784489340188
"13310343657",1.29581222081383,0.755881448326016,0.424691724267764
"13310344794",0.741527945944782,1.33780039849642,3.41037328421748
"13310346724",0.915306411743103,0.590537591658454,0.907383269871902
"13310348437",4.03100329927022,0.938901302537333,1.14618759959906
"13310349627",0.444617320956461,0.286334746705995,0.34987353846062
"13310350871",0.553209903554902,0.22583619283531,0.322761335317668
"13310355431",0.273062023866442,0.108147787244228,0.250677547279224
"13310355645",0.63532943908894,0.650800290518524,0.330692469776513
"13310355930",4.46459223642519,6.05980835743863,2.10419421933426
"13310359964",0.968785925245436,1.39267733916878,0.557297654580748
"13310360173",0.287711349370332,0.272671389284451,0.676004399064105
"13310361374",0.244525127881921,0.275800523657489,0.21502663191284
"13310363247",0.907462421014769,1.9116704675284,1.27737233704324
"13310367497",0.38930896821335,0.504214272574762,0.360652841785919
"13310367933",0.248159033420196,0.276900817210628,0.222625972697324
"13310368686",0.716695453348217,0.852411762958841,1.11948022832163
"13310369427",0.25360605174264,1.33199749899011,1.23624439969437
"13310375832",0.687276198934693,1.31975244876145,0.978675659449021
"13310376156",0.467176963577938,0.241540099750537,0.46821626137752
"13310377105",2.67768032513146,1.42751917127032,1.41140782490967
"13310377876",0.725043327953747,2.04370205163259,1.25541986807089
"13310378979",0.19287193203244,0.468314142246281,0.295130147903186
"13310379060",0.667316856611247,0.593157040016368,0.306064127098362
"13310379236",0.398288944886294,0.636522212152137,0.885623408438929
"13310379351",0.125113061055698,0.159648457545729,0.223983265106018
"13310379411",1.02558952108747,1.80750274482538,0.61529530217282
"13310381853",0.166817253686138,0.320552515752141,0.64957262434797
"13310383052",0.334344948346272,0.112008484235123,0.347728154085621
"13310384440",0.903494259646683,0.307392585793832,0.591756843206849
"13310384617",0.438249415349977,0.508609006313616,0.64471533315526
"13310386399",0.93619199989653,1.40219139112316,2.30149781928862
"13310386583",3.58035056096366,2.92718970478787,2.15890162420154
"13310386912",0.467296265903774,0.246592475360634,0.273161055708478
"13310387461",0.373099715423405,0.420760555783346,0.22610364733158
"13310388011",0.410023410338271,0.92372571837514,1.10044881992232
"13310388400",0.838592495281227,0.73982305830315,0.632076661272698
"13310391201",0.629562057909156,0.326051236697302,0.322206482430395
"13310391730",0.869978183095595,0.670554005606571,0.994757128543602
"13310393884",2.85454150365919,3.02775952379703,1.60318421372396
"13310393910",0.429183057530183,0.735804636247529,0.593651019438669
"13310394101",0.631586893311806,1.0589645563829,1.09082550436511
"13310394578",0.432779009236275,0.617693829896095,0.981153050949373
"13310396414",1.32381294513286,3.7412548059416,2.3395387899321
"13310396449",2.27737369422665,0.922094241133273,0.824035933959375
"13310399827",1.65359160888255,1.72399533013258,1.5913115565162
"13310401153",2.47117733664655,5.48593807467451,3.92015679157807
"13310402204",1.63052302412729,1.45084855575651,1.39364783417431
"13310402550",0.68272722642515,1.22052181123676,0.723488216744542
"13310402559",0.383935565959414,0.179476172688889,0.474121162707573
"13310403270",0.254580572519779,0.479148668638442,0.496586346289021
"13310403860",0.328721918288119,0.303716346919746,0.338366692490918
"13310405729",0.164091484741376,1.36124518148358,1.83658223272393
"13310406213",0.651241701601033,0.423329622750665,0.345071226926455
"13310407320",1.72515817097103,1.33422209220868,1.30983542037242
"13310411815",0.565660102775877,0.968044288961725,1.38877706152063
"13310411989",0.975888850278817,0.592999232985362,0.58138719581561
"13310413117",0.797375291366608,1.40059584400206,3.29730076833307
"13310417957",0.568987389813158,0.454583347597518,0.810847739127435
"13310419050",1.51270281385578,1.20718924516104,1.93563673481883
"13310419314",0.461531984231767,0.366963505515174,0.664460231450684
"13310419944",0.876180155300541,0.432346226093435,0.587514581293867
"13310421228",0.727734282793531,0.282025086948611,0.616814524575001
"13310421447",1.34088570141385,1.77432668064641,1.24537609522008
"13310421898",0.27109467172411,0.427944735933209,0.543120553773103
"13310423795",0.840970050961736,0.89922661527123,1.4942641939317
"13310424233",0.209079839683851,0.47848466264626,0.381545119417787
"13310425337",4.2168285172155,2.85240377145458,2.70214047583393
"13310425637",0.338128505750102,0.364822786757538,0.412194146910244
"13310426394",0.596600732898569,1.01146603327903,0.729945431123732
"13310427743",0.274692970273365,0.207852175083513,0.55879327533593
"13310429140",0.499365741603112,1.01825630473049,0.783890735906215
"13310429453",1.02045134857344,3.03492590654677,1.99631617318365
"13310429733",0.404212219229148,0.798397522829334,0.872810412240299
"13310430891",0.631973042618324,0.918395866034411,0.911031614762057
"13310431841",1.94449595623088,1.13256961269335,0.92618509990087
"13310432523",0.78160493922343,0.418740504642997,0.848113296713792
"13310434471",0.576641218842814,0.86637636731186,0.881283567080048
"13310434618",0.0611653929338392,1.31601322653368,0.799540209337986
"13310435061",0.104732081221934,0.316066473724253,0.422359513672195
"13310435816",0.336506808561823,1.3038205200398,1.0925953949683
"13310436428",0.213051595645449,0.367809783733358,0.20025336954253
"13310436959",0.141195995120851,0.741320403605821,0.41237105323232
"13310437147",1.861157625176,0.651604958121123,0.724036564635376
"13310437402",0.854791727836288,0.411979478626482,0.560036038154742
"13310438891",1.23407241182748,1.41284069170804,0.254619284462628
"13310441821",0.429183057530183,0.634798515362322,0.401631111051821
"13310442380",1.21345235648241,0.868201809104207,0.821833506459295
"13310444611",0.178670048908458,0.173118893034708,0.541765038649488
"13310451822",1.84034709218535,0.625992221822676,0.799078058350946
"13310453360",0.462840781140577,0.549897797940726,0.570652288271017
"13310455936",0.422012652263623,0.191684861896947,0.378043396408567
"13310456407",1.59122981626456,2.16727868605249,1.15283715877164
"13310456426",0.826467663431222,0.723905510791857,0.841652599179675
"13310457706",3.54675781652974,2.41431010576182,2.21824944062903
"13310458555",0.876180155300541,1.77084467776005,0.921044734442552
"13310460772",2.0661438922,2.15911054047482,2.21296355334188
"13310463381",0.438036476940995,0.287296436933823,0.406093165286896
"13310463536",0.181601655469466,0.463028445793917,0.711345396546298
"13310464535",1.84261864186035,1.09519286974106,1.6713147856008
"13310465905",0.774008237818938,0.568690928275207,0.66862898222877
"13310466803",1.32945847232703,1.19661506501959,0.921787932191964
"13310467635",0.664143683640895,0.904748127859879,0.662341736582567
"13310468107",0.450142269519869,1.16222713336513,1.22774645710429
"13310469423",0.412773005630808,0.291318344044386,0.465165269460712
"13310470285",0.576271210749451,1.01326047395234,1.33666123012825
"13310473037",2.21371465661633,1.20193346219185,1.48596427504278
"13310473265",1.02949639281072,1.42230018824461,1.19201961823255
"13310476013",3.36481520617758,1.94771060135302,2.56534755630605
"13310477871",0.3891933335832,0.771493969542572,0.554095071841582
"13310480334",1.16520785764796,0.519151823020206,1.00201649268937
"13310480671",3.53353026580346,0.996207488363308,0.85237649085936
"13310480827",2.06008774489342,1.3973928573117,1.18272653297006
"13310480857",0.601983859034371,2.45676427185152,2.2440484019787
"13310482719",0.523588688996393,0.624382323000522,0.714422998140674
"13310485453",0.294031461020293,0.302160334276335,0.236687014865687
"13310489947",0.587060253227981,1.40832068044138,0.63008723606388
"13310490147",0.723551365697111,1.05589598562832,0.888891947887501
"13310490936",0.0886984568584724,0.46458624106747,0.658810778450036
"13310492022",2.0672265737913,3.39528022104431,3.56265992299339
"13310492734",0.132719798033867,0.713506444915789,1.20422290283821
"13310494394",2.76526296681028,0.7924874604336,1.2252790004566
"13310498432",0.140436833958594,0.582957545073412,0.221408196476065
"13310499232",2.77067228056538,1.12202975980922,1.19026076153982
"13310499493",0.849131394766204,0.716099739776192,0.649291270916605
"13310500126",0.550298129059322,0.199672784523067,0.218386054557169
"13310501841",0.46061760331494,0.233572211446335,0.179611534832981
"13310502393",0.159096831364959,0.216917700698174,0.627642010612015
"13310502451",0.181557377631714,0.265497866362311,0.249924250726656
"13310503087",0.4431931363766,0.427581123486401,0.776407897097026
"13310503572",0.522570320427729,0.569653457477228,0.444119038282649
"13310504336",0.153011474568428,0.329427152514082,0.712254850222449
"13310506973",0.683238736357728,0.197787660243389,0.338773835544197
"13310506978",0.594626603699087,1.04202463122357,0.638434327695809
"13310507080",1.55765777862826,1.11151659578097,1.04640464584107
"13310507968",1.41264019660838,0.403601914262502,0.528562673093854
"13310509208",0.674689090924062,0.332668784700565,0.498457515825509
"13310509633",1.05465425349366,0.955956309123651,1.30808013293635
"13310509750",0.397082431936172,0.324798245651621,0.291922515392362
"13310511176",0.414494127465322,1.08288422104623,0.832421913304463
"13310513529",1.96827668919242,1.20644545315201,0.99579581726243
"13310513547",0.498771831231226,0.584246162685593,0.368325584983819
"13310519689",0.433675170894331,0.545578491523832,0.562495020505115
"13310521230",0.187311948402274,0.398504460987588,0.242459124901838
"13310523725",1.40760348479832,1.88003310913361,4.18334889572901
"13310525077",3.92206773521286,2.86021680361537,0.553651034038597
"13310526088",0.539638309388539,1.26962851350823,1.19473537762092
"13310526409",1.62260747332374,0.726827881100459,1.17106196932962
"13310529999",0.172767965610609,0.825521852455769,0.341080528003127
"13310530331",0.491119335141835,0.451374739094929,0.679212912689287
"13310530511",0.898749385395324,0.701562355707996,1.01268491141098
"13310532389",0.410023410338271,0.669511763670322,0.81786872418143
"13310534225",0.479473099449798,0.40214544024202,0.380388406072547
"13310536437",2.88437197389247,1.33874624382263,1.18186597916285
"13310536669",1.66956134529499,0.475058467657499,0.381715187007594
"13310539104",0.285204590924376,0.467921169315728,0.342382499274848
"13310540344",0.267501940812223,0.172473790563156,0.264678215896458
"13310541752",0.383008036502565,0.501843128494115,0.611121513197276
"13310542775",0.212602135489336,0.32523639177068,0.316823345677696
"13310544952",0.418844727082281,1.09534793107533,0.697856881601803
"13310545625",0.288815166360497,1.4021227961826,1.2392878211429
"13310547597",0.756118821875901,0.332378989225262,0.34016904823606
"13310547836",0.601983859034371,3.3963611995359,3.02390804429506
"13310550258",2.19099481477886,0.46047570632661,0.544794755074333
"13310551079",1.0298409288922,0.682430742766394,0.446224615700503
"13310551254",1.62197412642281,4.02388994262233,3.50592239285061
"13310551322",2.54926100287841,3.87753313723362,3.70021763104752
"13310551879",1.13487463240588,0.637604665115996,0.694089237601649
"13310552309",0.558509277951339,0.631831803847323,0.691439076072322
"13310552351",0.416933132241571,0.308428960462156,0.179365905412206
"13310555162",0.139958710343862,0.304169683239235,0.32410760257642
"13310555690",0.238691153674633,0.46823466535103,0.491367907752424
"13310556738",0.117737457901156,1.21756507550284,1.31942514287499
"13310558679",0.894107288194818,1.62516734458868,1.07155922169912
"13310560341",0.816155234379813,0.731764589668342,1.00856331513332
"13310560839",0.15880023119215,0.439104862490791,0.26840121736008
"13310561177",0.362732402188238,0.464862870953606,0.714729917457095
"13310561535",1.7343405301013,0.925809138202958,1.62829157696794
"13310561541",1.11292245443396,2.23578967449096,2.67988332104854
"13310562928",1.26163902506553,1.17870717109244,1.70861942166163
"13310564755",2.06629700982827,4.00386245338306,4.06780373014115
"13310566980",0.794939791460775,4.82642461068181,3.1004291206
"13310567678",0.257160813616759,0.614772506849511,0.668134442066827
"13310568493",1.80819738308033,1.74408243094038,1.45303867018813
"13310569304",1.79122836889983,2.14767205800598,1.81691408816796
"13310570357",0.238375347333722,0.237166161766699,0.465207093727243
"13310572704",0.0611653929338392,0.196947314210375,0.263784347024289
"13310573309",1.50849814837198,0.341190586918802,0.290606119453973
"13310573784",0.300655066737753,1.0726610576627,0.978822320035427
"13310575736",3.58569604476516,3.65115506934177,3.87334509267352
"13310576307",0.499670100293831,0.52456724057444,0.909708083066647
"13310576585",0.619436650696522,0.796211285300493,0.652859510117329
"13310576769",0.64242951219682,0.744143897475661,0.998625781795806
"13310578322",0.356754325867279,0.274053864169951,0.402443301544554
"13310578783",0.442857447865371,0.201803462395337,0.225379612729253
"13310580599",1.41264019660838,0.391229047888963,0.559450563334541
"13310584108",0.270485587809043,0.622869022868836,0.772746296629105
"13310584131",0.925793308881352,2.15250788044748,1.5373343644349
"13310584809",0.426895590331095,0.132563080312303,0.306918454267177
"13310585218",0.71039097822005,2.34560888998893,0.972630084301593
"13310585392",0.699450580709227,0.492952446912218,0.799322032106091
"13310587316",0.582286684314142,0.525372633640855,0.475531531015513
"13310588546",0.253044326364358,0.139498363011389,0.547260326797167
"13310588778",0.41427821012733,1.0558840694806,0.666806369344077
"13310588916",0.827845118077266,1.11088673872691,0.672565428012602
"13310590031",0.278159279551564,0.148670732927567,0.178603288358
"13310593108",0.296256283995844,1.64085614793671,1.05204396500881
"13310594290",1.12092186990206,1.63271981715476,0.91090993160482
"13310594411",1.07695980259386,3.19898962147601,1.16537540508161
"13310596625",0.695755907316087,1.91292437617422,0.810586492542294
"13310597602",0.767912876586776,0.266301454425862,0.236446227364193
"13310597723",0.968785925245436,1.1058686180909,0.623012881734941
"13310598857",0.512535693026046,0.344877448740769,0.381933471083689
"13310600919",0.134381871655393,0.527457930920453,0.641562722826915
"13310603655",0.461531984231767,0.237635793180421,0.415248393320744
"13310604225",0.694635296626396,1.10533139423901,0.700045295084107
"13310604277",3.7076615663879,1.68029268423303,1.51276255278493
"13310604428",0.270346259380284,0.349313655688807,0.579367035477253
"13310605383",0.467296265903774,0.466389801210989,0.528440781265936
"13310607001",0.351762231006608,2.51882612140028,0.615401318131953
"13310609576",0.160551829977902,0.322598865112563,0.543695388150806
"13310613719",1.99035074829609,1.12007778299562,1.10767545148463
"13310613865",2.0392035308008,1.52083716572008,2.72941588986231
"13310614851",0.375485762033937,1.66970654794453,3.00177612252516
"13310619231",2.39723959123984,2.74483834595845,2.15083262298377
"13310620646",4.46459223642519,3.32355675391242,4.49748587154402
"13310620910",0.689252907555792,0.271911175929072,0.212990359144032
"13310622444",0.55387913929894,0.543759473808261,0.501521118313552
"13310623140",0.578735101126536,0.948866290019123,1.07056663780392
"13310623334",0.263312658949482,0.641694706009125,0.889423503734979
"13310623571",0.289862991618397,0.306330498180762,0.367492102028286
"13310623986",0.396564966727045,0.264481782276099,0.238565330245395
"13310626132",0.407778377555697,0.784104279640647,0.510352396413848
"13310627326",0.944735051953858,1.17792666747302,0.800763825170499
"13310627782",0.272877142220998,0.35976909869867,0.779488919692192
"13310629619",1.00405609682897,1.87747775699028,2.07790240817178
"13310629767",1.19028599591367,4.78077279981017,4.40695257700989
"13310630244",0.444799121901264,0.50976981222846,0.274385504554544
"13310631169",0.376451345707557,0.614162455004198,0.413812805584948
"13310632185",0.713622475165043,1.55006387273486,1.66543303464759
"13310632707",0.793421467065747,0.673161726648645,0.444174774155989
"13310632958",0.253871779057564,0.206065627459109,0.395422973626308
"13310633937",0.11937541860326,0.442428942825141,0.388252446254868
"13310637096",0.587892226006051,0.759147495076212,0.652353027620863
"13310638166",0.398081565911445,0.0860854246645718,0.4801972797471
"13310641416",1.02507867066171,1.64298850496241,1.35296517738546
"13310641593",1.24259254633733,1.5476782245385,1.75478687521125
"13310641865",0.102960156291338,0.271600197421085,0.408347585852208
"13310642745",0.305605129755893,0.30864613710958,0.331683625661373
"13310643485",1.94449595623088,1.35241726977618,1.05655642753715
"13310646900",0.461531984231767,0.366963505515174,0.664460231450684
"13310648259",0.438444182741063,0.937409959246749,0.884535143161957
"13310648600",2.06254249595378,1.32835316158039,0.884979980291119
"13310648777",0.525683887765363,0.20171894954256,0.32551360069786
"13310649601",2.19818906826876,0.919299658075167,1.46914004203495
"13310650912",0.894736406534206,1.20158329099298,1.34964721033046
"13310651966",0.693231090387248,0.413987041249142,0.318627599299914
"13310652824",2.27758946130019,0.689198478178834,0.977890669637709
"13310653586",0.389609235052614,0.641389929300415,0.438858383008767
"13310653813",0.92309323159022,4.06779845900222,2.17245526996634
"13310655117",0.236759671115998,0.431636308615192,0.620440078568998
"13310657489",0.3891933335832,0.961935078509752,0.723868146271699
"13310657703",0.722802154561528,1.47610197800591,1.85261636993986
"13310658252",1.11643368244888,0.487756428547238,0.568537776952909
"13310661926",0.436206102426283,0.21098094059196,0.260350401188295
"13310662180",0.861905757423611,0.683186410957327,0.864229661196311
"13310662298",1.40254775390615,1.15236671436741,1.78746017941236
"13310662596",0.825788753408428,0.339551232955416,0.340781998919403
"13310662703",0.168513909304461,0.341112929839407,0.355208821823467
"13310663286",2.82419801833024,1.7195310346717,1.58061717645972
"13310663526",0.322778588538,0.288584648484261,0.332211947505755
"13310663641",0.125810645450638,0.24241043237308,0.289787744780536
"13310664732",0.521059454486343,0.760042127103379,0.581424477634982
"13310664810",0.0611653929338392,2.35062471981662,0.696190033749919
"13310666264",0.437605272976972,0.428444515042774,0.559515418559043
"13310671719",0.73167527980776,0.660982595693812,0.709362982707348
"13310671846",0.14100546964316,0.155252122345044,0.202215116615076
"13310672137",1.74256482233565,3.08789943171725,2.4480979633468
"13310673840",1.66286613880661,0.539006795896559,0.577163714978916
"13310673880",0.404918455217699,0.962239204085989,0.752598560351821
"13310674073",1.40890161040229,3.70178537975007,4.39608353405514
"13310677125",1.32241563304225,1.31764098489508,2.26559918033249
"13310677632",0.733785376271544,1.7544115580657,1.40564926401923
"13310677817",1.5369680988823,0.968493610357569,0.733223258715643
"13310678353",0.405187740162614,0.482396776858145,0.320837577731432
"13310678679",0.205266343440528,0.873515148588434,0.449381642894637
"13310680947",2.72354696456165,2.46037399766258,4.06768112840918
"13310681545",0.435554997408002,0.476328136463623,0.663104662747302
"13310682271",0.333095060356599,0.691373849556281,0.756503354432217
"13310682903",0.849861240792337,1.48293045258011,1.10596894823235
"13310683067",0.103991720157085,0.248316774631307,0.926131077010277
"13310685243",1.25374986939093,0.909795934001563,0.910654651096764
"13310688437",0.904365054237816,0.514947984409376,0.928819603549023
"13310688997",1.3527831681275,2.41471439038569,3.85630870095243
"13310690412",3.50405181950447,0.598683896011459,1.21650305706291
"13310690459",1.00654435366839,1.53566531296329,1.55102447250897
"13310691194",4.16225503618767,NA,NA
"13310691317",0.3249236718155,0.644095606564153,0.475860505065183
"13310693216",0.366911639713423,0.537403834180941,0.668229996887363
"13310693228",0.125260231278146,0.594892237068589,0.586646143367978
"13310694059",0.66234118350804,0.314617779083196,0.234530505124428
"13310694979",0.127538465852796,0.99938786203755,0.465665144468418
"13310695253",1.64016628498171,2.14733494572366,3.15964107053902
"13310697103",0.494015121171387,0.0830956533906061,0.138829394183379
"13310698621",0.234961057907457,0.275311136249906,0.373824467304303
"13310701913",0.571556761946276,0.510473748425011,0.362918143276411
"13310702329",1.48133449559773,1.47144410546716,2.34401404795417
"13310703265",0.417414986035667,0.85186340317037,0.522005842444631
"13310704058",0.141704784042558,0.247353135084756,0.680591237530777
"13310704833",0.242783075604783,0.460336776863399,0.556788018188632
"13310704884",0.496315067937924,0.940269416382212,0.946894534648259
"13310705064",0.648689379035004,0.222432353179531,0.474117067220326
"13310706778",0.301018887652311,0.268098077373752,0.400424484027016
"13310708316",0.57144251474532,0.971903966983652,0.647726903516329
"13310708940",0.164692148408288,0.278215460499001,0.885996896721288
"13310709427",1.2036820834462,0.364146022753407,0.338269184116134
"13310711117",0.914616574000555,1.51111334938674,1.66182903083626
"13310711393",0.323176259486572,0.412744683951219,0.489003244389705
"13310711702",1.45356441530427,4.52334558774541,3.83574475386939
"13310711730",0.199196411360502,0.247425044500993,0.23471151121233
"13310712391",0.944586713270337,0.886133740885264,1.293343895054
"13310715903",1.30745802956053,0.444241166729636,0.636317846942025
"13310720916",3.30710838736123,5.43043345450474,4.06400722668415
"13310722884",0.257282516088951,0.4563744388595,0.700100918545821
"13310725848",1.56172339840255,4.23771646586886,4.3684347846907
"13310728062",0.845880661791761,0.855351003594399,0.809931175168898
"13310728099",0.296450312076081,0.199909529567184,0.178981380893918
"13310734021",0.854135096658101,0.816358927104371,0.952355965115241
"13310734050",1.11907679616484,1.3204186330543,1.05617124343618
"13310734329",0.223242195894958,1.73752214673257,1.25296367012334
"13310736233",2.17202151194323,1.63008216165583,1.15586936917866
"13310736660",0.216055043925761,0.423904476008828,0.67249704573243
"13310738880",1.70779403355423,0.872105371845966,1.16520649569176
"13310740660",0.452125042432619,0.46281528359812,0.721892637852208
"13310740881",0.620234845907575,0.278592767015399,0.737271969480272
"13310743065",1.79036739189141,0.959488966296586,1.20186745536408
"13310743708",1.81736757944574,2.12084106313952,1.55901400949439
"13310744596",2.03250312558515,0.644959646230582,0.736002292822909
"13310745127",0.165156134602923,0.210830498745321,0.379307787034613
"13310747253",0.71709379460406,1.11483795042353,0.713748405878739
"13310747576",0.373162749272589,0.286855224907312,0.38663283657714
"13310748598",3.24648370261878,0.233233267853948,0.57618160895007
"13310748733",0.871209263680448,0.829891479275761,1.00980888979108
"13310749978",0.611108232287604,0.648343421325086,0.769295048531594
"13310756238",0.380289734862337,0.289893887808205,0.298401748747786
"13310756740",0.143385240291654,0.262264227895688,0.151408473979899
"13310756805",0.560505600731762,3.9383724316873,5.2036645955329
"13310757159",0.277915607855995,0.367993053062728,0.254686260210164
"13310758585",1.59416925727662,0.898670374664016,0.914259678389473
"13310758881",1.64376483736337,2.61243844887265,2.36544484661908
"13310760407",0.780424968554015,0.94218278371012,0.873599769543811
"13310761890",0.614693487938327,4.52334558774541,2.70602648337186
"13310761989",0.318113161257637,0.248381569822656,0.331431186935763
"13310773448",1.29947077460307,1.62518667779221,1.16920136715745
"13310774251",2.03312043497982,2.02996378000027,3.31667630852028
"13310781788",1.08371715568651,0.88384278518298,0.942227101632513
"13310781973",1.82842012067933,2.52738332519985,3.03032206027168
"13310782922",0.67197364899379,0.822842548616215,0.570344126314512
"13310787152",1.81046378685429,0.456853677450906,0.519764980788726
"13310791767",1.09987665896801,1.06341999044673,0.830919405371727
"13310792006",0.848256447706918,0.706204639036832,0.737626086664286
"13310798283",0.904843016149323,0.601542818155639,0.511874095590346
"13310803510",0.691558430129825,1.90258117344506,2.3737237480234
"13310812507",0.704920720994056,0.264147192484462,0.652922833810491
"13310820066",1.200654010794,1.27551394564673,1.12283613077359
"13310823353",3.06064706742422,1.47148099440048,2.77063757555292
"13310826479",0.530214088748447,0.645064222914802,0.66244328868205
"13310836675",0.106062926882289,0.517144871331957,0.606787552290003
"13310838460",0.481725715115771,0.584747524417482,0.912167320601632
"13310849777",2.40882889837509,1.50406733241301,2.53249673584144
"13310867346",0.387663395260894,0.177083217445521,0.214489133089508
"13310884075",0.648039824588582,1.0675195501061,1.83684710222526
"13310886357",0.451553509683373,0.802808018059922,0.959716133334922
"13310886749",0.947451218712999,0.67343025706077,0.779905227970348
"13310894099",0.749196576114749,1.33715853752374,0.648269311666728
"13310902950",0.471106924665978,1.42969428707945,1.30534224367887
"13310909895",0.692752258179023,1.41750637792162,3.62178571053576
"13310931186",1.4762280339385,1.80014457673207,1.90571753157798
"13310944469",0.348792634701366,0.51783447581526,0.417871185070047
"13310947512",1.4695927930352,0.768087634128894,0.635473738251944
"13310954491",2.11479578717556,3.64592030520201,3.25513421113266
"13310962041",0.140598866865569,0.678531157854812,1.15818879563999
"13310965089",1.0672898452325,2.4731523364208,1.72486850415837
"13310972951",2.41480722229601,NA,NA
"13310973124",1.5526329440479,1.51148164264915,0.800294192948433
"13310975321",0.153755680831837,0.964307329827221,1.10908530061058
"13310976139",1.08094149124922,0.844399300379434,1.24649201122735
"13310977487",0.258167731476133,0.151948841455743,0.434751581505236
"13310977918",1.29106086990753,0.534685877356543,0.540304565224328
"13310979871",0.83466433658602,2.0318122261365,2.26851518993679
"13310994908",0.299087763602897,1.79946072863139,1.82829551943596
"13311004112",0.547573693100224,1.40565714815603,1.63149746628269
"13311020671",0.270847516112033,0.725067993827732,0.541565111006894
"13311025169",2.88500336402451,1.61768868621403,1.62824174872576
"13311029604",0.23807183326433,0.881243950625057,0.984269545535045
"13311031728",0.545454494850132,0.433297857577946,0.885135630948995
"13311033423",0.483646034019772,0.368594049263433,0.223382389014316
"13311042752",1.12970652489688,0.219912828483541,0.313496934140861
"13311047698",0.695943689203224,0.947463512899988,0.72900604045245
"13311048162",0.898239917019794,0.806623677866474,1.52481588096078
"13311048912",0.192524613057665,0.38590375184634,0.39430394151708
"13311054171",0.916199639269631,1.33925944645262,2.23131566689684
"13311055921",0.36539090692041,1.44012543740291,1.42769726359981
"13311058369",3.95765917638762,3.7412548059416,2.15319707058147
"13311059960",1.11554942811131,1.75766937081816,2.74610378082136
"13311063212",0.936588123890237,1.54551273283961,2.03068712631599
"13311064657",0.753353280759262,0.777866279575285,0.778725163226253
"13311066264",1.52284774840592,2.18195796992745,1.95856121925106
"13311066341",0.559058145812619,0.275657355443286,0.391582134286817
"13311067630",0.694256312818688,0.651078999111669,0.505328635817755
"13311068441",1.79059683639589,NA,NA
"13311076064",0.845082306423618,0.668101862548413,0.482493787454785
"13311078241",1.19915567046656,0.980684774108994,0.661464211536309
"13311079414",1.87212806744902,0.650369728781848,0.51514366604216
"13311079662",0.838056689551674,1.15222866770119,0.934676739670322
"13311084482",0.89601477192934,0.946358652233549,0.482797111128202
"13311086215",1.6740414276656,1.25017534965638,3.91767780596921
"13311088178",0.716024367303047,0.52801757438808,0.585778007927382
"13311091048",0.824080337588967,0.705894326834734,1.02902205273415
"13311091498",1.22254748122128,0.643992187123956,1.11202531138139
"13311101241",1.96309908826694,0.806471045546106,0.66547841937329
"13311101521",0.257831399568829,0.487205773965766,0.547858358486732
"13311102508",2.62758443297932,1.19217496459903,1.60496610668001
"13311102718",0.863152183394796,0.739108898624507,0.485472009797058
"13311102955",0.354808131466294,1.06789707167956,1.12504185502987
"13311104532",0.719608244822651,0.575143167508706,0.794788393786976
"13311107750",0.623542477124661,1.60445058675976,1.63621059269972
"13311109080",1.38194303745671,2.74650274604454,2.22943720546638
"13311110019",0.67966421376,2.04814455584687,1.34970582590592
"13311110246",0.119174833733307,0.405925676737976,0.570277056604626
"13311115088",0.62722281618239,0.667425573020911,0.724077853828822
"13311119131",1.10593894889322,0.375416682864681,0.391056681945799
"13311122470",0.387769878902318,2.05503802653138,0.844960582990114
"13311124060",1.72658362330393,0.717741004022196,0.797889365218116
"13311125281",0.688238540668017,0.150632271979671,0.48434635366691
"13311125306",0.227229276342067,0.513986521111609,0.319882958571687
"13311126956",2.18675043883012,0.596955074993892,0.851803330425547
"13311129548",0.272369277355856,0.404747255736278,0.837461766356379
"13311131333",0.534601379252706,0.089136878475355,1.52259640681034
"13311131950",0.465088088838751,1.09865118947882,1.30087437073794
"13311132448",0.306268161214099,0.394087954027602,0.490373527001001
"13311135549",1.03441920441663,1.14908477368372,1.28318440858127
"13311140398",0.245044033790439,1.79486080676303,0.920203849537327
"13311143318",0.190645254111942,0.596853951579153,0.424490964338229
"13311143813",0.395061955041811,0.610887433909023,1.02011065824203
"13311145391",0.258938591796418,0.736308579252304,0.838366074205094
"13311147710",1.0610969096089,0.409408547523478,0.443701468052756
"13311148789",0.884541309637914,0.0482488179878701,1.67611944900381
"13311149692",0.525970375394939,1.2901233406032,1.68814842948018
"13311157818",0.392637129022063,2.90947520938456,1.87106944280255
"13311158458",0.870614952411644,6.17610903489302,3.59584049074956
"13311160639",0.285751585421563,1.16298385630401,1.00449427544347
"13311160724",0.409061517122903,0.831306839058648,0.434394655826318
"13311161664",0.840932475796195,1.46816489040591,0.934339870611492
"13311162719",1.95458713707559,0.895866447185866,1.07221446281919
"13311163040",0.45704038947518,0.277561647026563,0.401365118765986
"13311163408",0.677315748878717,0.997055786744214,0.850405038889446
"13311166545",1.11832149623175,0.473963953242461,0.724061726784809
"13311168871",0.751371921786708,2.54438481753974,4.71261548310449
"13311169999",0.519566411309616,1.46676938755231,0.904267185706762
"13311171455",0.511373512853928,0.563853862012536,0.480172043832053
"13311173398",2.62917920826573,1.02784051013442,0.936772878104428
"13311174394",0.347832088079928,0.472534206340476,0.358364827377788
"13311178423",0.388492450720306,0.565422531519466,0.854365173726142
"13311178844",1.26679369993832,1.54191932820023,1.59729989611342
"13311179168",0.315124838974329,0.562528711523909,0.657776563400587
"13311179700",3.95765917638762,2.29068277018495,2.11156645541452
"13311181698",0.896144018529959,1.66415528329729,1.17292481476387
"13311182074",2.10139471037921,0.681805824551888,0.571783102476843
"13311185620",0.214770132870686,0.224228103233765,0.237966232802482
"13311185744",0.373605920532924,1.22288232301267,0.993089991318536
"13311186219",1.26431828005886,0.660938937544432,1.08838764118803
"13311186459",1.16759755073334,0.853354342633756,0.878635629874493
"13311186592",1.30619555885456,1.81668217658594,1.06695297558293
"13311187784",1.25153975103755,2.65326580684946,2.13002428310091
"13311191364",0.927382049278183,0.0694553099930972,0.265073277841511
"13311192729",0.488080094502606,0.35102612274358,0.469547318221234
"13311194218",0.465088088838751,0.638597458624449,0.740101940609984
"13311194614",0.937262987426477,1.67157835569059,1.40806350195817
"13311195094",0.651921790646763,0.400552093819601,0.967471394755249
"13311196056",0.527491608709838,0.331669624268298,0.163252252486304
"13311197737",1.57313169946717,0.183670064474674,0.173571097555973
"13311198624",3.84373562847779,2.98970689625413,2.51922516942003
"13311199465",0.314601377063657,0.845934068518124,0.411310394015769
"13311202277",0.223242195894958,1.40444823273423,1.37629062177627
"13311203681",0.470960079874139,0.113112797398251,0.83463796634832
"13311206505",1.00544864734665,0.723011882090499,0.77735423465223
"13311208503",0.811524007790916,0.223375309694888,0.389579545477657
"13311210700",0.480280499028534,0.772721158535962,0.973497905055419
"13311214508",0.276350821596557,0.378587511049172,0.367916908309476
"13311214683",0.829149889040519,1.07740911790512,1.20019457640259
"13311215614",0.545702281054483,0.522137649065849,0.398699484096105
"13311217083",1.10416571515148,0.293654750457623,0.357018503134061
"13311219763",0.350678772005773,1.51849751208196,0.816356100910625
"13311219987",0.775495472012398,0.736540551530186,0.825395993297294
"13311222029",0.827316428472582,0.457769866376229,0.61442037594469
"13311222761",0.722096790403097,1.18098543390742,0.784242148994166
"13311228708",3.33191942223708,5.08565182539562,3.11411664038529
"13311228711",0.126964137848102,0.538462146823181,0.435111688938541
"13311233706",2.10086571718119,1.23214947423271,1.23254911314823
"13311234677",0.407165461823521,0.410363224403509,0.584445055588965
"13311236267",0.276692264098477,0.509657684075744,1.15176623073807
"13311236407",2.58906209247779,0.765828715442949,1.12492277484173
"13311236821",0.388358019668228,0.964299820879483,0.34640510702474
"13311236936",0.867415948571438,3.2849042204282,3.49545502504849
"13311237675",0.580100432924076,0.903810034644947,1.07160288073281
"13311240178",1.11110965401829,0.958247597556917,1.02140487125348
"13311240410",2.23470950911029,0.977359535209176,1.11307859923535
"13311241136",0.586006421043964,0.790354683489145,1.30329911120371
"13311241369",1.00547147672448,2.94915825458627,3.79257219240417
"13311241603",1.81589031127559,1.7974266013435,3.5536912894987
"13311241728",0.200700022449835,0.533496660195682,0.243597693572869
"13311243073",3.85953555838715,0.779363740209499,0.699166692108153
"13311243110",0.391785180651323,0.282784281232739,0.446379560833101
"13311244030",0.473127584446323,0.444642223210573,0.473404316202124
"13311244118",1.82113344241376,1.60347341357036,1.00265931096275
"13311244996",1.33194973327918,0.461141569572991,1.0535713562046
"13311245627",0.276692264098477,0.519347648582262,0.420727672538989
"13311247707",0.218017217130998,0.629762133051602,0.67656471027861
"13311247824",0.215610842447034,NA,NA
"13311250489",0.782873996782972,1.75416316973967,1.28522921129215
"13311250853",0.606171612480196,1.39349595458099,1.5180848784988
"13311251024",0.480280499028534,0.943141940350885,1.1775942362344
"13311251710",2.36741349941,NA,NA
"13311252510",0.240928594089262,0.956446013134407,0.768636769468367
"13311252605",0.35760608471686,1.53599337721487,1.12604240828864
"13311252844",1.03393739468049,0.593325221299587,0.563324541075122
"13311253099",0.456121871675586,0.634816135125482,0.688460060912105
"13311253986",0.571706135298065,0.360624266683755,0.250442229258773
"13311255232",27.7411714175422,NA,NA
"13311256769",0.991354092493869,1.70954954542219,0.692842825562275
"13311256877",1.36298229305597,0.381775341328766,0.450153373800075
"13311257443",0.407637391493082,0.604665710951412,0.554788243482352
"13311258045",1.24764157694449,2.53547739532126,1.48088541605375
"13311259697",0.200973645134184,0.741076306402245,0.659283069603046
"13311262674",0.474025189369164,0.49205426845593,0.288343651910478
"13311263707",0.347832088079928,0.363579216144987,0.315832108750871
"13311265626",0.26460159647306,0.165983304741993,0.217434962171763
"13311268568",0.238267439374509,0.461892942894661,0.765313382019419
"13311268574",0.716105252300164,0.290361064874569,0.549293304191999
"13311269394",1.42336219264547,0.681377847142191,0.578719264118771
"13311270485",0.639275305092195,0.464977798812496,0.487860295365689
"13311270946",1.09829679115869,1.74122944082406,1.5044502930194
"13311272730",0.395536918758548,0.548335543410029,1.18097179635385
"13311272745",0.485689702877661,0.288834443816783,0.815638313989921
"13311274329",1.24764157694449,1.64956619273595,1.1058332236406
"13311274436",1.35411184732666,1.62311655246481,1.60128163383078
"13311277397",1.10903844725593,0.734768490820582,1.71397982360025
"13311279639",0.0720948895091174,0.901295475239635,0.464899787358659
"13311281034",0.352958314458827,0.290301231073577,0.291990882009713
"13311281703",0.597581276376181,2.92044564046624,1.43825183734922
"13311281773",0.228105878476832,0.492330653502951,0.70492872189936
"13311284692",1.55269976362937,0.755851655183429,1.86737459105249
"13311285251",3.84099273305734,2.92261571543498,2.70309090738489
"13311285552",0.686912382284308,0.770107686957274,0.832987433426786
"13311286223",0.215610842447034,NA,NA
"13311289406",1.33383926632427,1.07976950775235,0.988688775231086
"13311289417",0.402081247484968,0.442881946004549,0.35657199172645
"13311290409",0.430982137126531,2.49737210409161,2.04334055457332
"13311290853",1.81283793115226,2.05136139315477,2.48845330946275
"13311292368",0.615138722082209,1.08783638362776,1.01881917271295
"13311295391",0.371504941688904,0.436259953831648,0.604700311956186
"13311296203",0.817352951830164,0.339220478521554,0.539878841929951
"13311297448",1.98433421037524,4.42799629302083,2.34750853434242
"13311298440",1.89154221813762,3.06231042587498,2.67331559192862
"13311298731",0.262812448061185,0.175343997432925,0.188559565516618
"13311299727",0.903354633778359,2.20223801819849,1.60454992469575
"13311300077",0.669299994646056,0.405674446489672,0.289584523069147
"13311301585",0.465356481062401,0.782734507865667,1.03477034615329
"13311301636",0.332721827100797,0.537750107052189,0.700180939558786
"13311302813",0.231468663790846,0.770570070098121,0.69792752883644
"13311304587",1.30717789861731,0.95835966953383,0.826970867597611
"13311307185",0.140394180376432,0.232406758887338,0.336041123270728
"13311310730",1.0075144937761,1.48742593624444,1.9524202419511
"13311311451",2.27252871712156,0.17317494965311,0.3450149024209
"13311313200",0.349086767220991,0.442424817336797,0.404281008833296
"13311314295",1.82365448994123,3.89297157258986,3.46816506400465
"13311314565",1.80667957634807,2.42930354232988,5.2036645955329
"13311316552",0.421289072589176,0.173226693898621,0.204357159042645
"13311318816",0.896847504355178,0.56348574520296,0.682159443366446
"13311320151",0.659032246229497,0.747948541536411,0.827196526712362
"13311320162",0.704274028163024,0.430562499121989,0.60075742448056
"13311321014",0.340319305003163,0.573030057896879,0.628281991924477
"13311321451",0.451553509683373,0.422776873210779,0.412411499699631
"13311322671",0.513409776974269,0.845569884956899,0.508545702810338
"13311323634",0.843173372224656,0.716172077027498,0.883548203791612
"13311324365",0.405388152886831,0.202741000739761,0.373924197922412
"13311326711",2.57463718389382,1.41717118510192,3.17238835068144
"13311328881",0.436166078491141,1.14113130277149,0.974875275015263
"13311330141",0.258151295942992,1.86485362424799,1.36064067921283
"13311330197",0.196929926293919,0.611677668085033,0.228181345605633
"13311330300",1.087203135385,0.197199928204443,0.666759175250399
"13311330589",0.621656068313592,0.423509994469779,0.268542091986758
"13311331044",0.0720948895091174,0.310306609939665,0.229176751069904
"13311334874",0.420911329108471,NA,NA
"13311335670",3.0535675013862,1.55322057147272,2.04650827697027
"13311335721",0.487141946488916,0.690411792530942,0.650705636210929
"13311336372",0.472126105959976,1.57696252302142,1.41202767286953
"13311338869",1.1103530162814,0.179374011827653,3.26809036175795
"13311339126",1.78287434195889,2.28220719447802,1.60534804467732
"13311340653",0.57144251474532,1.22675986800348,1.06298810722001
"13311341651",2.22755681008942,1.33711264560509,1.40342936005975
"13311342736",1.71652252702566,1.30815995822639,1.09392685541499
"13311344103",0.40632747178192,1.45702996661196,1.21786987373073
"13311344300",3.8741585149376,3.36652590033963,2.85246149003955
"13311344508",0.735346423384805,1.82610575358485,1.78403420624527
"13311344918",0.363826396371092,1.27807643784628,0.965649097030164
"13311346433",1.66699662628706,3.25705627297698,1.8302568999471
"13311346881",1.28437198383548,1.32924733251337,1.43984054753579
"13311347787",2.04871243636682,0.654525892602285,0.860213770995315
"13311349301",0.699317018608089,0.695219849634452,0.664490935843656
"13311349461",0.13388921190229,0.712833669285384,0.504922639988862
"13311349590",0.481049704939167,1.4438832561934,0.88907610040207
"13311350900",1.71649602100158,1.05589598562832,0.886138298909229
"13311354811",0.754807916882697,0.955509903857134,1.24884253148421
"13311354859",0.27420202148036,0.571807962270261,0.257072438600064
"13311355662",2.655564294045,3.52139463845174,1.75153785163235
"13311356203",0.0720948895091174,0.279100415283541,0.431251994345401
"13311356898",0.541826968543176,0.77800617124249,1.27332271815174
"13311357008",0.19706713851794,0.462046560771546,0.903374575571393
"13311359000",0.270547978437483,0.546498612747803,0.565440810975167
"13311360595",0.625964142213806,0.659550247119805,0.562032559292692
"13311361354",2.16933047266147,3.03360460882467,5.37214249267234
"13311364590",1.24290734082892,2.0064395204665,4.01795867722022
"13311364598",0.0720948895091174,0.406456664039548,0.217175059330251
"13311364888",1.55843204007698,2.49311860892223,1.67129320945646
"13311365232",0.461372788143103,2.03051263439025,1.73783207813203
"13311366355",0.238150494015633,0.979339818027943,0.621418591013756
"13311367277",1.23525039926138,1.02651002700158,1.14034582611001
"13311370539",0.406115487367078,1.64797473057385,0.845511541858087
"13311370744",0.169071686209243,0.358194689663145,0.397016091330613
"13311371051",0.335457550704377,0.415531010228989,0.589464774659033
"13311371711",0.315277593308709,0.736978770489328,0.808683320363197
"13311372130",0.239020508424119,0.364663202244049,0.824245509324628
"13311372773",0.527491608709838,0.291265232647296,0.160161768986023
"13311373296",2.02393936149179,1.56442174720641,2.80952065543548
"13311374750",0.178320988227755,0.301823206217655,0.470748511291869
"13311376230",0.0882452879617307,0.351736066075294,0.313332507340817
"13311376580",0.358337860599834,0.438654210684639,0.532847554358504
"13311377331",1.21412656029991,0.157174720775202,0.18988330333743
"13311377365",0.975547472742495,1.0526638554123,0.861260252660304
"13311382853",0.408253364071523,0.626320124146432,0.419730069748938
"13311383971",0.212836335074397,0.091293863953524,0.298998374320055
"13311384964",0.307042865863224,0.665281062544595,0.810067624578848
"13311385104",0.407757244625925,0.451434000300535,0.773664669615007
"13311387936",0.315910036501481,0.359570260021021,0.407716912068285
"13311389683",0.572785845345714,1.06005700947904,0.857025620784893
"13311391873",3.11364722458832,1.63165906247441,2.66694258031048
"13311392910",0.40615172220777,1.00498262867941,0.859872815145607
"13311395861",0.751371921786708,1.49150367901334,4.74819009067607
"13311395873",0.929111159162111,0.356597054635574,0.378553367163544
"13311397672",2.44575444780118,1.7683730492722,1.86661777019197
"13311398887",0.64228072835901,0.394957670571832,0.477859554384908
"13311400623",0.820870404647205,0.629682458633477,0.761821783035258
"13311401435",0.541826968543176,0.729110644797258,1.02915885831152
"13311401641",2.11856329072951,0.7924874604336,1.18449472562495
"13311402285",0.462192309817113,1.19661109899039,1.45957543525025
"13311402744",0.467967408449905,0.866094174710366,0.583739197267186
"13311404223",0.778390899304063,1.506247717256,1.58156208331469
"13311404399",0.272669162251824,0.323558664061593,0.64456849027419
"13311405913",3.27748983517471,1.84214447095197,1.19558587391965
"13311406063",0.235935152251402,0.374890878716627,0.472101472615158
"13311406896",0.659534257007837,0.562169225979527,0.811479102139229
"13311409089",0.394395858673902,1.86956419904674,1.96876731531264
"13311409116",0.278702479405453,0.684786950140333,0.886859157981026
"13311409437",1.43987830625527,4.52334558774541,3.20320959621283
"13311409614",1.97354665089319,0.727896758514571,0.443703895229411
"13311409621",0.591603333382814,0.192042885833647,0.286285904255087
"13311409649",0.471106924665978,0.849066546209025,0.771333980273415
"13311410142",0.680002336781798,1.88759482061053,1.45852676894777
"13311413849",0.469514486154334,0.550177761312082,0.335666562231696
"13311414606",0.950172155080412,1.65735861569657,2.77122629371268
"13311415148",0.352383064878563,0.147674247838267,0.555212464516155
"13311415353",0.330835605635725,1.37607131440614,0.419347979806992
"13311415801",0.811198057648399,0.587411936584415,0.745457022835021
"13311416074",1.44576440082725,1.32190742094086,2.23116492787201
"13311419718",0.912472907729828,0.28296690187687,0.487787760107777
"13311420118",0.225906294790683,0.181571524614627,0.226793616266474
"13311420505",0.378047806616474,0.570487402017374,0.898209556332954
"13311424976",3.95765917638762,2.12508014442646,3.60038058183163
"13311427712",0.225878577196037,0.708644768252916,0.827107306418319
"13311428023",1.92171997212065,0.774409720212212,0.874538156923499
"13311428245",0.545764104340899,0.538991989159676,0.282428921242833
"13311429230",1.77128835660031,0.740170490362865,1.12654304372909
"13311429397",3.84425685854365,2.48905664866759,2.04326514730777
"13311429629",0.738284438659039,2.62602902008032,1.32605314125704
"13311431092",0.862401015771966,1.69521510262735,1.50379078337478
"13311433017",0.353077144925993,0.534255834606686,0.449026409337815
"13311433388",1.2860106601044,0.834120063051649,1.040525200023
"13311435491",0.514550912314509,0.617187875024127,0.458418307192505
"13311436072",0.975214577301025,0.627397364111372,0.697126000014257
"13311436336",0.488212888035222,2.60269863553594,0.747378852281625
"13311439399",0.545764104340899,0.425696743445558,0.259245921794857
"13311442122",1.05574448112559,2.26057388337543,3.83889155935305
"13311445290",2.34014538077877,1.16639669811229,2.33966902457887
"13311445877",2.27179329827932,1.74423356060413,2.10626688029887
"13311446295",2.88913838749652,1.17230375670324,1.63402536246307
"13311446691",0.443580211666181,0.403036405399467,0.525569186010054
"13311447344",0.597635323786235,0.994684858949398,1.09838362824256
"13311449311",0.156171683064587,0.270628819940513,0.163899160746668
"13311449932",1.69567175260932,1.57319384451011,2.04194658996772
"13311450063",3.04806355295673,1.36171030538352,3.4327385653071
"13311450321",0.424499646624589,0.630656584888655,0.498354132844896
"13311450548",2.5880400029097,0.710478094868714,0.704463833378046
"13311452557",0.645355242187703,0.462277585787138,0.522632928419959
"13311453984",1.67791049567077,1.29414140969602,1.47003671993197
"13311454954",0.402178872636029,0.433739914801168,0.229591530454402
"13311456169",2.79605622929957,1.73561942536015,1.86560736773157
"13311456703",0.629606409473995,3.02612873835248,2.88423657387751
"13311456754",0.406844747952339,1.04970162663612,1.18387244320087
"13311457333",0.171242607241972,1.99175636926923,1.06768212850412
"13311459249",1.04178625044895,1.07395526718731,0.958841821022498
"13311460276",0.316328238032768,0.321544341425213,0.381044090852276
"13311460387",2.15751834059756,1.31599436592378,1.07619307310137
"13311460437",2.21357293547496,1.66374882148712,2.1312081375068
"13311460762",1.48173354474037,1.04099223942495,1.13060043362968
"13311461955",0.469019390231474,0.795905894453253,0.878495460076202
"13311462241",1.04635139095062,0.656418619836401,1.16837202149912
"13311463295",1.30758919909648,1.0547784100834,0.826020661856445
"13311463755",0.358337860599834,0.3679250035043,0.468600889608977
"13311464124",1.39485226420884,1.04372031945445,0.845127085802411
"13311465325",1.95703337885743,3.65115506934177,3.50930254310067
"13311466765",0.656512828325188,0.0917681423659987,0.251830269160735
"13311466876",0.636034777873548,0.706221337270747,0.694407515718994
"13311468021",0.805323773150591,0.58834249362838,0.30508645023256
"13311468974",1.38321966003696,0.782689333707266,0.735306471307646
"13311470645",0.507491098941056,0.368844515924762,0.38961130093181
"13311472573",0.437949714382585,0.455425482249269,0.276951452988361
"13311473024",0.46941305883009,0.492528546805218,0.32836744969246
"13311477552",0.357429513498455,0.237300017769716,0.259696675074524
"13311478490",1.69531486555179,1.84289227871283,2.34171582429317
"13311481262",1.11538894581169,2.15876340618412,2.50093891585066
"13311481387",1.54565657532221,1.91146363176573,1.83871419059659
"13311482306",0.692599218346799,0.502147418436034,0.65835855360693
"13311484487",0.807386154412088,1.95156644813755,0.845309576612866
"13311485007",3.66820456422496,NA,NA
"13311485541",1.04617352682465,0.562600670899899,0.545502717819228
"13311489971",0.605325965310956,0.852598704972518,0.634125830435567
"13311492359",0.500679539823231,0.284821276541503,0.277858735980577
"13311494800",0.329376371231846,0.606687824747916,0.433318490757234
"13311495233",0.510169410898139,0.783695013405841,1.0467404076979
"13311496767",1.6551309757823,1.34878859934635,1.33959307812311
"13311496881",1.43434732269203,0.923264127420441,1.0837186587617
"13311497919",0.129119472606295,0.368292516234628,0.186010087529898
"13311498185",0.483935388498327,1.00001139675665,1.00365547570403
"13311499001",0.695943689203224,0.945519583462886,0.612244179332682
"13311501798",0.9282995551773,0.405538674388925,0.38740498211346
"13311501970",2.91412101238136,3.74785963417559,3.91422955546278
"13311502082",0.354808131466294,0.888981437380952,1.07829454533364
"13311502125",0.868271511540698,0.749682102821271,0.475066739830477
"13311502328",0.117616481072998,0.473839423403565,0.413783533793222
"13311503753",0.224327730579721,0.214881682729938,0.305102052500504
"13311505138",0.240094106372496,0.260326227183306,0.293789894214905
"13311505700",0.527491608709838,0.50976981222846,0.273929004347667
"13311505775",1.12598411572322,0.406052437153959,0.377734664935663
"13311506322",0.704210042258993,0.424907406151605,0.28290437241498
"13311508447",3.95765917638762,1.68266667485162,1.47863297428452
"13311509478",1.04719966574507,0.844091625210984,0.87944893505209
"13311510122",0.369987479902812,0.452042418666986,0.817129171870351
"13311512079",0.470450668327621,0.257323680577283,0.298972812639351
"13311514515",1.78053716619819,0.528928349870398,0.522405115981819
"13311514573",0.1186124643575,0.114022542963605,0.40319049500704
"13311514669",0.222458285589206,0.502355483785107,0.843892790525544
"13311515524",0.314970386523972,0.493756289151684,0.606842343514131
"13311517133",0.540776680456884,0.438050103107154,0.305130461913169
"13311517841",0.993670260078198,2.57862407078756,2.25860333106977
"13311521769",0.20773357805349,0.442054234687976,0.33304647993438
"13311522017",1.57535282778587,1.99309286314769,2.17765716984976
"13311523032",0.799055040524124,2.46652455765064,1.70349431010081
"13311524001",0.0720948895091174,0.280748921606173,0.277790471294017
"13311524185",1.29918865094181,0.103143527873012,0.172636539301952
"13311525431",3.95765917638762,3.61301189003925,4.61943516459659
"13311526371",2.71580220816756,4.58920146457052,3.87816986043076
"13311528373",0.483490198922576,0.071410159447466,0.142218732660913
"13311529066",2.44390381752191,2.4406386904075,4.81509256817238
"13311529283",3.25400052874211,1.27886057137469,0.794719816944244
"13311530118",0.87468421695729,1.75164671705729,1.16024259344154
"13311530358",0.314970386523972,0.284370547214668,0.505095325997123
"13311530645",0.626650045684381,1.65576251722033,0.885963452557207
"13311531281",0.397789002600875,0.567691102498004,0.719209228171937
"13311531411",0.13354067452988,0.27814537593835,0.40987022258152
"13311531497",0.756278678587784,0.193818259399001,0.360251629288864
"13311534734",0.733878778989506,0.708744657353687,0.756923211716376
"13311534834",2.32737101760093,3.79049042048587,3.6990012403343
"13311535329",0.404923197847898,0.74991423186006,0.614327789233413
"13311536403",1.09101997818503,0.726100900787509,0.909670663171261
"13311538489",0.499068089051169,0.638409929556641,0.711844260735189
"13311538708",0.373735650440393,0.274516694966966,0.298544562203404
"13311539425",0.582835398481597,1.23272654993759,0.97624876890767
"13311540027",0.300787810656039,1.5482498631113,1.35109560103293
"13311542247",0.617020842452288,0.86152944150235,0.54836135826305
"13311542528",0.416406160972558,0.476706178173932,0.426117062503561
"13311543310",0.662838357084656,1.26769688096219,0.597519351446798
"13311543442",0.659208948214177,0.87328351767665,0.820467459385318
"13311544257",0.387663395260894,0.313698404889368,0.532017257344872
"13311544447",0.451042133035637,0.749299265437117,1.01641993702011
"13311544855",0.471741377467615,0.220342342410981,0.232313925761213
"13311544988",0.34663244668208,0.542035669663736,0.54684403716821
"13311549737",0.546995303633341,0.443538683151725,0.294787903196143
"13311555041",1.48938568823869,1.47949055327069,1.20130688078088
"13311555079",0.518631651735825,0.627867589865317,0.405829944338154
"13311555531",0.290328189008608,0.325915063347803,0.495889464045732
"13311557872",1.6777763896029,3.93999678084997,2.7084230376899
"13311559231",0.721573025015576,0.72227067758685,0.833207660073798
"13311559927",0.603909639059149,0.410566830597341,0.584199629150489
"13311560072",0.143385240291654,0.367809783733358,0.194165439967042
"13311560785",0.780424968554015,0.511375321809215,0.482519918614677
"13311560979",2.52958543843981,1.84946683903036,2.36424593595397
"13311561181",1.09213521402988,1.10515634811684,1.42946701532847
"13311561847",1.59459195388431,1.09425674602621,1.36246756994003
"13311562185",0.609062438000197,0.566324442871252,2.22245150693267
"13311565073",0.645264362889139,0.849049597009478,0.713747645641781
"13311566173",0.404923197847898,1.38254928475877,1.02626718348099
"13311566793",1.29947077460307,1.30906037885685,1.17640536144035
"13311567883",0.452232028745346,0.379603677076221,0.406290512430183
"13311572108",1.29219336195146,0.592980260764251,0.755505430200762
"13311572632",0.173513559531822,0.665876839116424,1.52382325167847
"13311572653",2.1143367591374,4.78077279981017,3.89758080159053
"13311573152",0.478376470643464,0.48386493898559,0.643885240693481
"13311575378",0.71709379460406,1.01209464208298,0.71401773404776
"13311575552",1.11696589329347,0.629885133868572,0.387772694118691
"13311575627",0.373162749272589,0.225372074341235,0.220559153474613
"13311577680",0.342655340234873,0.67015316752343,0.876407819151051
"13311579551",1.67127967955279,0.566034449713975,0.705145144517115
"13311580064",0.871346092762905,0.821872587729765,0.756197005485186
"13311580076",0.259513529461513,0.232833790007342,0.389577404796938
"13311580924",0.386648339561311,0.376699232278764,0.442324694602511
"13311581675",3.95765917638762,4.70861014271529,0.909919415709786
"13311582257",3.62363348851856,3.92133943832708,3.07127193188433
"13311583536",0.176735023508903,0.87068817029424,0.641163825448749
"13311586225",0.501846426623862,0.521607521402548,0.42165168224756
"13311588587",1.60639344901726,1.38041143318786,1.33155312617605
"13311588757",0.577583297158044,1.66807832288588,1.24249032653232
"13311591908",0.26679928120326,0.515068884812406,1.37353722676348
"13311592188",0.469514486154334,0.47161847395351,0.281964477566265
"13311593672",0.303727910970924,0.628098570602012,0.531096362600527
"13311596119",0.195404098263965,0.559959746596846,0.720898971619661
"13311596636",1.44718605362664,0.882576396030492,1.37661799934532
"13311596662",2.39795385456799,5.69490412110946,5.08646616999649
"13311597559",0.22706417653851,0.633929136257684,0.698946431878721
"13311600018",1.11110965401829,0.872221795710413,1.00443292268575
"13311603130",1.24083772928151,4.00931841744614,3.29836491794071
"13311603492",0.542459355897264,0.135139849519172,0.247227942511339
"13311603900",0.353647538702021,0.235494036178596,0.403189786549752
"13311605162",0.495937815804965,0.368741651674535,0.351857162926464
"13311607395",1.01562724090732,1.11703622154763,1.37442514634057
"13311609542",0.276692264098477,0.434981857729411,0.492958033995089
"13311609679",1.42661113375999,1.96334248298429,1.73108255684075
"13311609905",0.442355378832939,0.356617935243237,0.381335133102471
"13311610908",0.107425885404615,0.0599977218555009,0.0631360934301892
"13311613370",1.24215821754927,0.828651228377491,0.629649338828184
"13311613889",1.87833612552459,0.774041069603625,0.695002576359043
"13311613964",0.300584322849873,0.380112362458605,0.319911765896361
"13311614858",0.669299994646056,0.777018088079275,0.719092801583489
"13311616694",0.437988941441108,0.472399626164085,0.673461637850759
"13311620207",0.41368473237484,0.521161199370157,0.487039609045872
"13311621020",0.73029064183023,0.924693158248148,0.680146327424024
"13311622598",0.588022744898361,0.230018919965126,0.28765325907763
"13311622768",0.231468663790846,0.572177900063342,0.747465566373774
"13311624152",0.155746128758269,1.11683672957584,0.425690564339476
"13311624322",1.58354083405902,0.956822158678852,1.01559010371903
"13311625795",0.416397803458725,0.321513029606856,0.410368796897127
"13311627642",0.359459854342242,1.1448295427348,0.685803744898066
"13311628861",0.216576576760483,0.553354135911269,0.718252850640265
"13311628919",0.967996224087395,0.395586919357055,0.581982094395046
"13311632594",0.463923191439652,2.3290752425363,1.20613100271462
"13311632891",1.11355335950316,2.603603762634,1.4421824254631
"13311633737",0.849650203595025,0.980420952160909,0.947362896524203
"13311635981",0.583526080811882,1.1058686180909,0.628002630160377
"13311637538",0.469583611833899,0.318657709171118,0.602351810163529
"13311640496",0.811198057648399,1.53279394589892,1.92773028781756
"13311641969",0.969945765024906,1.27160308205174,1.41329820235404
"13311643691",0.290719049915036,0.359953752947054,0.645718236001335
"13311644326",0.272120126121793,0.308778307967556,0.459690773312701
"13311647685",0.950770139343437,0.640957111795608,0.715888192308318
"13311649346",0.667771300489214,1.68987190195952,1.31100531156667
"13311650206",3.95765917638762,3.4658320883105,2.35911674823074
"13311650550",0.462435956438046,0.0736846660290722,0.305286582953772
"13311651785",0.572785845345714,0.975001162702839,0.647041727648311
"13311655205",0.392975087748952,0.403887605324846,0.638525476188555
"13311657450",0.176124622592451,0.387356414317343,0.391289554694981
"13311662127",0.17391484142096,0.360920329103771,0.250541666262551
"13311662232",3.95765917638762,4.99105352051023,5.64781628521942
"13311662519",0.33232111121246,0.0838683047551249,0.352385204056502
"13311665444",1.30758919909648,0.572512404508934,0.936248686832759
"13311666915",0.325828984415324,0.155710487216808,0.442344036704197
"13311670343",0.8196317191937,0.391292351244073,1.03397285129947
"13311677056",0.466759821657876,0.218238362547047,0.326008448280195
"13311677209",2.02393936149179,1.56442174720641,2.80952065543548
"13311677386",0.525862918462276,0.706918451595563,0.273016874270359
"13311678193",0.401418960538393,0.520387322919083,0.574301960542975
"13311679123",0.598766984601392,0.155328176755254,1.12215391101931
"13311679598",3.35739286948066,2.08067102026531,1.62241992854665
"13311679766",0.467305556343907,0.501406915963722,0.297502489392161
"13311681458",0.67737934504383,0.440885526517406,0.448509753654041
"13311683254",0.520526246846689,0.378014368101752,0.579035623805942
"13311684077",0.664478604984324,1.07183531748552,1.55360695664123
"13311684923",0.96715714925771,0.343449520847076,0.444520872732098
"13311685068",0.349618974927316,0.319637301661238,0.726312061421075
"13311687000",0.405438893952922,0.553810651401783,0.441746299567865
"13311688097",1.38137563584141,0.836253465523769,0.702053820120528
"13311688844",0.93323673420668,0.617396301039405,0.359952403229947
"13311688922",0.206570909965791,0.244721112913192,0.190175418319908
"13311690949",0.0720948895091174,0.293039502066667,0.355794324659311
"13311693955",0.361855911978965,1.1894660299972,0.60907799332269
"13311694008",3.00009634412876,5.56892912941352,6.71567632052474
"13311695940",0.0720948895091174,2.66460804592271,0.653480186480559
"13311698129",1.73492244424924,0.786210867721825,1.026224651528
"13311700988",0.283148202513923,0.272859302391456,0.527564503070846
"13311701224",0.352958314458827,0.494509489861656,0.529335151887997
"13311704762",2.46157414039356,2.85905656163585,2.50349836811743
"13311709083",2.24068579543514,3.04950205860678,4.48118571415093
"13311709562",0.412988093562344,0.710639960161152,0.554002440758717
"13311710431",0.231468663790846,0.392380676123049,0.559776336652699
"13311712857",1.02781744741416,0.578958974033801,0.894581834231132
"13311714073",0.331585572904504,1.13256587011943,0.745533617097788
"13311715344",0.749891484933075,1.66497581684375,1.17031433431201
"13311718124",0.779525474720104,0.525583558434468,0.403032470166238
"13311718235",1.78803650744351,0.535189376851634,0.904260236707901
"13311720137",0.130920936962531,0.394974334420832,0.322598889138056
"13311720151",0.93468437849611,1.80249182505116,0.956652854657723
"13311722280",0.508732911751005,1.04548741250179,1.04810226464472
"13311726601",0.176797571505388,0.857667380261478,0.80937870603662
"13311727184",0.829239601492098,0.870114967527934,0.648318259937447
"13311732619",0.875751617662075,1.51793646622339,1.73111360771693
"13311734006",0.749891484933075,2.43143362833959,1.54153026315165
"13311742943",0.169784380972988,0.687558904895025,0.733694299886238
"13311744055",0.412424093363622,0.555840812880477,0.704885997272063
"13311744178",1.88632391179452,1.90258117344506,2.3737237480234
"13311748326",0.640572495646379,0.772458372361662,0.894672526583488
"13311752395",0.621834018963856,0.824366514379959,0.657188437314083
"13311752550",0.960526538088743,1.29125620528353,0.967353850319932
"13311753991",1.1297861332845,0.86025733713197,1.21374539806472
"13311754718",4.28241248189877,NA,NA
"13311757868",0.815821617795528,1.51937103291414,1.85817086696822
"13311758305",0.287510995859631,0.430663945200493,0.375665650008671
"13311759049",0.453509620473792,0.328620102052719,0.351415609923481
"13311765802",0.240116771499099,0.349883470008084,0.227821278628129
"13311765870",0.55834844844977,0.375204375910812,0.424739605021333
"13311766958",0.219556848371215,0.341949784624498,0.640953506349942
"13311770113",0.459669387493993,0.375513597272164,0.356804846916751
"13311770681",0.502676693597626,1.14470281409272,0.660710553672261
"13311773102",0.56271054422306,0.390805874461579,0.530234302031628
"13311773977",1.81967355401259,1.56772579907377,2.43149133965523
"13311780104",0.313448256381391,1.04978157212465,1.48025013775293
"13311781445",1.02211997858277,1.6463188315269,3.02172871817897
"13311782693",1.26734628231079,0.687458103877667,1.15041271651998
"13311786608",0.798259411776785,0.333909196177763,0.344175914159837
"13311791260",0.659446630566957,0.296119529985796,0.241311959927149
"13311791517",0.914567698578212,1.36191116208494,1.0669663701158
"13311795038",2.45173943256335,0.305873132555242,0.667117204590422
"13311796215",0.23261660640174,0.028296663589727,0.193961970701294
"13311798816",1.20682701636266,1.50338624308669,1.13592614969232
"13311799571",1.34231777087051,1.96974305443217,1.16959089410804
"13311804580",0.867591434500704,1.24151084127642,2.47867904001236
"13311806094",0.946654665903075,1.32914121308524,0.771082893887231
"13311808291",0.247163776538563,0.223988948258965,0.436095083359174
"13311809078",0.257929844674763,0.0227010202764821,0.07668938342706
"13311811103",3.95765917638762,5.9008199453425,3.16497565136004
"13311811515",1.63354164462459,1.98682076558853,1.70539121692676
"13311812043",0.720899515446235,0.728717292491853,1.04656257306988
"13311813736",0.22706417653851,0.984225807829282,0.855542232057112
"13311816359",0.465088088838751,0.540113645825132,0.697897557715802
"13311816675",0.669911642603218,1.33157685149352,0.948108661369882
"13311820052",0.447623657938157,0.470895709965522,0.738525211311152
"13311821980",0.796828335412511,0.77659850577485,0.651899062298905
"13311822833",1.63503613122383,0.350574893909851,0.489385628933149
"13311823500",0.46360691552646,0.47581561158305,0.413149204313628
"13311827842",0.749891484933075,2.43143362833959,1.54153026315165
"13311827881",1.67900014420291,0.523999607150952,0.416205760233458
"13311829860",0.290328189008608,0.423444791686437,0.739115234059568
"13311830882",1.69724551333523,0.337069554171679,0.359435755409201
"13311836608",1.90577489457347,1.73638340016041,1.23638079280775
"13311836658",0.539724525933357,0.37249568015715,0.779716259728713
"13311837895",0.836636134201271,1.07171044025621,0.730429012301334
"13311838570",3.12804129716775,2.35402106879313,1.76272581819999
"13311839087",0.470252044727735,0.35801654439635,0.398762244454919
"13311840981",0.98998227667911,0.869168642441029,0.770083406406261
"13311841294",0.285893186144554,0.362459953178988,0.577062241303123
"13311842207",0.347832088079928,0.735804636247529,0.571456015974638
"13311842229",0.881731832427072,1.06564401796958,1.38312542862495
"13311842612",0.233066600150735,1.56904454015322,0.525788271768451
"13311842623",0.349618974927316,0.228502152696998,0.63614684389368
"13311844805",1.84901006078412,2.62653267589679,3.90184107246897
"13311845698",0.611108232287604,0.648343421325086,0.769295048531594
"13311847676",0.752614711201806,1.01375691981499,0.84016671092866
"13311848504",0.780084998901623,0.576217603896754,0.83262041469791
"13311849145",2.43843827278991,2.10927520246153,1.62550531768828
"13311850371",2.21432421737727,0.978012556610065,1.10891613104806
"13311851231",0.283148202513923,0.0366203846807533,0.125214852808577
"13311851887",0.155746128758269,0.741320403605821,0.407699513239752
"13311852235",0.802041055630815,0.833277981202945,1.14228231006606
"13311852294",0.247163776538563,0.136888197233776,0.36841883924821
"13311853097",0.442126265773533,0.433075263910821,0.598471864794259
"13311853238",0.993670260078198,1.49509169121214,1.2826184670244
"13311854914",0.810809607649716,0.194661714750587,0.289943293465951
"13311859749",0.387663395260894,0.313698404889368,0.532017257344872
"13311860124",0.184836133386151,0.329299929974826,0.509646354774237
"13311860416",0.406305391340765,1.0170496795963,0.692890598204766
"13311863660",3.45150833001569,2.8794751130931,3.083961870538
"13311863811",0.285893186144554,0.432456318368851,0.619756378221112
"13311866869",0.927387729571987,1.36369366757594,0.416135328154674
"13311866876",1.51737370579338,0.375204375910812,0.424739605021333
"13311868747",0.390911028048213,0.395255264877614,0.551611851513158
"13311869185",0.347258599077921,0.414997446957444,0.646432701277742
"13311870714",1.51130838896179,0.788381830575111,1.28247059399574
"13311872894",0.628770914976233,0.62764677556244,1.37463303260136
"13311873619",0.46608510030054,1.00810115566713,1.3355629207173
"13311876426",2.18341680165414,1.77217271287487,2.10096042680102
"13311876661",21.0634609650067,NA,NA
"13311876749",0.687879616194107,0.93691511539649,0.878269333006844
"13311877570",0.452232028745346,0.524481620532031,0.616095275828804
"13311878248",1.59103757530741,1.64381058949473,1.93296261448438
"13311879144",0.438036056138205,0.697255314588425,0.682713877569404
"13311879860",1.21204870529131,0.686065848217752,0.376093609422902
"13311881783",1.25634239132414,0.305003193515995,0.267713398644252
"13311883077",0.482558103491273,0.764382718982775,0.859716029251363
"13311887056",0.205342136707592,0.257600180767662,0.220634572909347
"13311890516",2.3595740580073,2.39764149092692,3.44090044964993
"13311893476",0.91916057616127,2.37462044421106,1.74692089813948
"13311893517",0.200700022449835,0.533607094726101,0.309577450829397
"13311895479",1.65135491275446,1.15808542528596,1.3655234527657
"13311896315",0.378125892870283,1.10871457515208,1.59220965861254
"13311900332",2.0967024252821,1.131308016963,1.55505227288746
"13311901003",0.134417371780564,0.217215805172716,0.575757881394407
"13311901876",2.56265984723389,3.17923085482928,3.60437909164874
"13311905027",0.44807637814662,0.595385754453075,0.912266859085351
"13311907298",1.23596752010076,0.355917559359711,0.548556288374369
"13311908247",0.661097939386949,1.45930504903621,1.11595256613286
"13311909268",0.997899537946651,2.86294138966983,3.7886819616784
"13311911340",0.946811785486572,0.59375980951001,0.948028199777761
"13311914291",2.78777423305519,2.8670961245891,2.02185852775503
"13311914576",1.41571969576849,1.12202172172931,0.824059695908868
"13311915298",0.525005090015872,0.886452109514251,0.98850837992841
"13311918993",1.18106706984828,0.423027318723974,0.58663230018329
"13311919399",1.10833003370757,1.09194014233256,0.851607664626404
"13311919634",1.09578558507705,0.884899513588798,1.47505202480575
"13311919852",2.31612483922569,3.0732387526048,2.54617746343155
"13311920072",0.811524007790916,0.223375309694888,0.389579545477657
"13311920364",0.0720948895091174,0.14068585922441,0.324019407715612
"13311921756",0.404032845729214,0.616451557049348,0.382543652069265
"13311923134",3.31405046058151,4.62629147291284,5.08646616999649
"13311924754",0.835970946744546,1.21448698079768,0.868030470200508
"13311927407",1.9160596086202,2.71381181548866,3.53610013807574
"13311930152",0.255905318014339,0.170281699652216,0.392077653968604
"13311937467",2.02836679177158,1.96825092716239,2.44921737437906
"13311939569",0.245251433117055,0.276616729430158,0.436390506100577
"13311941751",0.0720948895091174,0.21098094059196,0.221924858681374
"13311941769",0.483683808542769,0.817191958257323,0.232040247317885
"13311941819",0.465758745103442,0.243275847659099,0.280432922652247
"13311942924",0.391785180651323,0.237635793180421,0.415906651123067
"13311943316",0.890725022594709,1.82940238526846,1.45988801366609
"13311943371",1.34106659682563,0.614300790774093,0.871994597728662
"13311948042",3.06992992501789,2.39940015487974,3.80892833328477
"13311950567",1.50246416029777,0.289400403007978,1.81976001223682
"13311950618",0.579399055211621,0.850550274337939,1.26332995995289
"13311952263",2.29134092781584,0.577890332647303,0.868710215795253
"13311952671",0.71747956413105,0.859961856038078,1.06337417802187
"13311957878",0.334833394223669,0.355986358546162,0.625874716336426
"13311958057",0.416388897387065,1.00362190669958,0.933446533647777
"13311960749",1.30223438073467,0.21904533607484,0.400125657986296
"13311960764",0.994642020435433,0.953395299584513,1.02693006675983
"13311961463",3.33274270884849,1.15702879899542,2.20668698000098
"13311961729",1.90791532044842,1.84865449166803,2.18214056103153
"13311962857",1.24215821754927,0.534601702206396,0.37042355543687
"13311964799",0.471741377467615,0.688436194528722,0.277939563645622
"13311967299",0.35340740904896,0.499257631244025,0.577711777984259
"13311968128",0.436166078491141,1.29959408902157,0.829650049692019
"13311968259",1.24212296223616,0.803862226082397,1.11201699764927
"13311969554",0.668631019608539,0.43352241902509,0.436637552619047
"13311972371",0.480699235713633,0.5729509390438,0.645732323491181
"13311972484",0.221608787164013,0.636522212152137,0.837478985415778
"13311972905",0.26494183878863,0.191684861896947,0.426394128048616
"13311973605",0.412988093562344,0.960577270254438,0.793198420356966
"13311976602",0.34092246417297,0.43649868966671,0.633298077997827
"13311976644",1.72278111357756,1.66626996154352,1.68516134781603
"13311978107",0.806022209166929,2.83937416938066,2.72451297762812
"13311978571",1.51785173304219,0.324573161510124,0.560379256152689
"13311979248",0.617020842452288,0.86152944150235,0.54836135826305
"13311982598",0.790215670514839,0.326608085287793,0.317107607016554
"13311984242",0.406305391340765,1.05404349450624,0.637474942170688
"13311984549",0.268780563452301,0.269636686292725,0.175795380701544
"13311984571",0.57144251474532,0.785201626709554,0.661980402822691
"13311985222",0.904503015100786,0.878600693028484,0.967431469093911
"13311985307",0.641071515702372,0.610379625399182,0.608701805897629
"13311985350",0.483663288817421,0.551782998706695,0.692103044327359
"13311987586",0.670003012707764,1.22846336082772,0.913666739986163
"13311989192",0.754807916882697,1.77180066820148,1.40416418201374
"13311990277",0.295043532186112,0.328272454616544,0.701127058685182
"13311992468",0.264777686326745,0.790307862770819,1.00343733934847
"13311992880",1.70892005032326,1.15083322797715,1.4425397657621
"13311993439",0.871205791010585,4.5674016730014,1.27632346093065
"13311996185",1.36961536886572,1.25377491452099,1.09343591025173
"13311997626",0.106130335178455,0.559040086275545,0.414171466428464
"13311998118",0.67966421376,2.04814455584687,1.34970582590592
"13311998524",1.63061735270611,0.667372702961836,0.592034657218243
"13312000741",0.546753738483709,0.902669310635922,0.926432018169199
"13312002455",3.19691053267224,2.95547540340607,2.08531251284638
"13312003698",2.04301183841769,0.926020815673478,0.869833345683997
"13312003845",1.72028836953851,1.00244213854568,2.03771219248531
"13312005042",0.199196411360502,0.27291585534171,0.243081082535935
"13312005323",2.30521702511554,1.14325223761239,1.39643414217285
"13312006194",1.80401669855264,1.57127177469027,0.62553777291126
"13312008766",0.307998674538028,0.809445593826373,0.357127427146317
"13312010677",0.277915607855995,0.323828706109955,0.216889011387651
"13312012953",0.680765288634107,0.6360658951305,0.952772974835468
"13312015505",0.621656068313592,0.632545600654441,0.289261392431457
"13312015571",1.07285474325339,0.389892579477672,0.613327321652759
"13312017087",0.184871830815104,0.422644731247262,0.695231970054391
"13312019298",0.316090585013469,0.729930870332219,0.84659307482889
"13312020074",0.248556420450434,0.287488686310734,0.360930421911522
"13312021443",0.622640996136665,0.925525528497342,0.541627876771796
"13312023036",0.806479740723386,1.40881904343959,0.806373762063338
"13312023828",1.06021489433072,2.23526967304198,1.28169707343287
"13312024374",0.274088489038987,0.481543879451325,0.44377690904046
"13312024593",0.216055043925761,0.423904476008828,0.67249704573243
"13312024835",0.413023454300089,0.126241622828327,0.445832729837738
"13312026364",0.634884179922627,1.04985800211018,0.871085352683896
"13312026670",1.003360046374,3.35503563401581,2.52077316539799
"13312027044",0.530214088748447,0.612666017949898,0.547256018067698
"13312031782",0.572093273285309,1.0342905225554,1.25644462634174
"13312032618",0.681119769379571,3.14791630560588,2.45941569369
"13312035671",0.841504575954399,0.585567347388186,0.754074818588382
"13312036260",2.76323309779255,1.54919504918729,1.04616786045642
"13312036750",0.429404619366095,0.850138969901157,0.462893009056382
"13312037641",1.69819396385062,0.618481560954018,0.838382440638586
"13312037845",0.261304825933252,0.42272729204623,0.214389503948452
"13312038065",0.352383064878563,0.167237364971439,0.354835065647884
"13312041469",0.86220457562454,4.84097777027981,5.01999791983407
"13312043738",2.28807907492499,2.378257477291,2.29330175496895
"13312045040",0.862571823459572,1.6957911462535,3.75057844479144
"13312048321",0.171925860775323,1.00612472064341,0.989031038752888
"13312049732",0.134417371780564,0.233935609668954,0.905008903978628
